1.727875959474382 4.300283888027356
1.7292722228759774 4.29608722873999
1.7306684862775727 4.291055355138618
1.7320647496791681 4.285149902850127
1.7334610130807635 4.278368360536047
1.7348572764823589 4.270774964009833
1.7362535398839543 4.262333117602922
1.7376498032855496 4.253099002282412
1.739046066687145 4.243091819805491
1.7404423300887404 4.232290042110388
1.7418385934903358 4.220669621871317
1.7432348568919311 4.2081967813237355
1.7446311202935265 4.194927764629733
1.746027383695122 4.180798643153371
1.7474236470967173 4.165803597311239
1.7488199104983126 4.149961306748694
1.750216173899908 4.133262950904102
1.7516124373015034 4.115774862333269
1.7530087007030988 4.0975166628517075
1.7544049641046942 4.078469458108046
1.7558012275062895 4.058624356522896
1.757197490907885 4.038016970650333
1.7585937543094803 4.016653018189362
1.7599900177110757 3.9945479934494514
1.761386281112671 3.9717418843098797
1.7627825445142664 3.948229160287185
1.7641788079158618 3.9240281286788266
1.7655750713174572 3.8991408983722207
1.7669713347190525 3.873604167359246
1.768367598120648 3.8473760946189235
1.7697638615222433 3.820466681503566
1.7711601249238387 3.7928946162743573
1.772556388325434 3.7646793351535113
1.7739526517270294 3.7358892475305656
1.7753489151286248 3.7064867210667645
1.7767451785302202 3.6765232504844176
1.7781414419318156 3.6460318110402055
1.779537705333411 3.6150175776397235
1.7809339687350063 3.583462358215763
1.7823302321366017 3.5513866258228672
1.783726495538197 3.518816773173133
1.7851227589397924 3.4857909282239814
1.7865190223413878 3.452325728650721
1.7879152857429832 3.418443523966211
1.7893115491445786 3.3841483166244792
1.790707812546174 3.349471246984959
1.7921040759477693 3.3144256887262413
1.7935003393493647 3.2790505146287066
1.79489660275096 3.2433436186349636
1.7962928661525555 3.207343715202315
1.7976891295541508 3.171070549676969
1.7990853929557462 3.1345282839907784
1.8004816563573416 3.09770149428889
1.801877919758937 3.0606087651286527
1.8032741831605323 3.023274080931902
1.8046704465621277 2.9857235156302337
1.806066709963723 2.948016974258095
1.8074629733653185 2.910116104889396
1.8088592367669138 2.8720282996785307
1.8102555001685092 2.833796189438802
1.8116517635701046 2.795448907890821
1.8130480269717 2.757000775034728
1.8144442903732954 2.718460565245574
1.8158405537748907 2.67991025736264
1.817236817176486 2.64134868368418
1.8186330805780815 2.60281121827798
1.8200293439796769 2.5642855739946584
1.8214256073812722 2.525812337517662
1.8228218707828676 2.4873872801095036
1.824218134184463 2.4490220118301598
1.8256143975860584 2.4107407713578937
1.8270106609876537 2.372552610090191
1.8284069243892491 2.334468532633455
1.8298031877908445 2.2965146454996352
1.8311994511924399 2.2587250521711715
1.8325957145940353 2.221095522888455
1.8339919779956306 2.1836307618336317
1.835388241397226 2.1463478548769332
1.8367845047988214 2.109196165461117
1.8381807682004168 2.0722584964910293
1.8395770316020121 2.035518944310512
1.8409732950036075 1.9990412898824423
1.842369558405203 1.9628281044937916
1.8437658218067983 1.9268737488688814
1.8451620852083936 1.8912117734003706
1.846558348609989 1.8558083558952334
1.8479546120115844 1.8206715318215176
1.8493508754131798 1.7857868202990852
1.8507471388147752 1.751229384420417
1.8521434022163705 1.7169528297690397
1.853539665617966 1.6829599620644016
1.8549359290195613 1.6492947491669836
1.8563321924211567 1.6159795838416726
1.857728455822752 1.583011755105887
1.8591247192243474 1.5503387066924206
1.8605209826259428 1.5179948871962754
1.8619172460275382 1.4860000540437839
1.8633135094291335 1.4544113267468026
1.864709772830729 1.4231687715861787
1.8661060362323243 1.3923047122630228
1.8675022996339197 1.3617491215097297
1.868898563035515 1.331588752577066
1.8702948264371104 1.3018116396536434
1.8716910898387058 1.2724051201233757
1.8730873532403012 1.2433918098441525
1.8744836166418966 1.2147531841279227
1.875879880043492 1.1865324450246784
1.8772761434450873 1.1587418265012124
1.8786724068466827 1.1313407422179909
1.880068670248278 1.1043022187585374
1.8814649336498734 1.0775992033979602
1.8828611970514688 1.0512697476988162
1.8842574604530642 1.0253658362204094
1.8856537238546596 0.9998520489892467
1.887049987256255 0.9747752670527401
1.8884462506578503 0.9500856284188646
1.8898425140594457 0.9257861148964052
1.891238777461041 0.9019077047044867
1.8926350408626365 0.8784435266326464
1.8940313042642318 0.855336395815888
1.8954275676658272 0.8325917024418663
1.8968238310674226 0.8102721897754074
1.898220094469018 0.7883706036316385
1.8996163578706133 0.7668317103234951
1.9010126212722087 0.7457060736221238
1.902408884673804 0.7249624091229002
1.9038051480753995 0.7046203152389142
1.9052014114769948 0.6846875134872836
1.9065976748785902 0.6650940405114537
1.9079939382801856 0.6458411776615346
1.909390201681781 0.6269382172854073
1.9107864650833764 0.6084060381405617
1.9121827284849717 0.590230871464419
1.913578991886567 0.5724087023488912
1.9149752552881625 0.554937839417751
1.9163715186897579 0.5378143008902604
1.9177677820913532 0.5209531367060913
1.9191640454929486 0.5044315419202353
1.920560308894544 0.4882768069760559
1.9219565722961394 0.4724968964999195
1.9233528356977347 0.4570336159860884
1.9247490990993301 0.44193485763901164
1.9261453625009255 0.42713912977609064
1.9275416259025209 0.41270268831013396
1.9289378893041162 0.39855950601323964
1.9303341527057116 0.38470678943959996
1.931730416107307 0.3711749891421315
1.9331266795089024 0.35800040268829636
1.9345229429104978 0.34510279221486256
1.9359192063120931 0.3324892397645063
1.9373154697136885 0.3201882112726039
1.9387117331152839 0.3081566518113982
1.9401079965168793 0.2963862258797177
1.9415042599184746 0.28492387340614306
1.94290052332007 0.2737474382386373
1.9442967867216654 0.26283131959269734
1.9456930501232608 0.2521990449712365
1.9470893135248561 0.24185293740237784
1.9484855769264515 0.23175957400028818
1.949881840328047 0.2219250285347309
1.9512781037296423 0.21237085358059962
1.9526743671312377 0.20304957576124416
1.954070630532833 0.1939951186721001
1.9554668939344284 0.18522515461839278
1.9568631573360238 0.1767214514932727
1.9582594207376192 0.1684527428058894
1.9596556841392145 0.16039065902825586
1.96105194754081 0.15256948248688015
1.9624482109424053 0.14501526928465902
1.9638444743440007 0.13770487849476654
1.965240737745596 0.13061532448760244
1.9666370011471914 0.12373135301790827
1.9680332645487868 0.11701836774181061
1.9694295279503822 0.1105325437333041
1.9708257913519776 0.10423609060787
1.972222054753573 0.09811598793784387
1.9736183181551683 0.09210349801770287
1.9750145815567637 0.0863402897348827
1.976410844958359 0.08076352836678388
1.9778071083599544 0.07539008531795603
1.9792033717615498 0.07022128520673045
1.9805996351631452 0.06526081677811409
1.9819958985647406 0.0605378165516596
1.983392161966336 0.05602612024274923
1.9847884253679313 0.05171321110355271
1.9861846887695267 0.04759973383074254
1.987580952171122 0.04365104618432987
1.9889772155727174 0.03989148992768318
1.9903734789743128 0.03631804014731602
1.9917697423759082 0.0329174398332003
1.9931660057775036 0.0297312983174569
1.994562269179099 0.0267005385689955
1.9959585325806943 0.02384920230605118
1.9973547959822897 0.021145847790382703
1.998751059383885 0.018606743379762928
2.0001473227854802 0.016214940480518247
2.0015435861870756 0.014017391124774495
2.002939849588671 0.012013798881330017
2.0043361129902664 0.010199923618743613
2.0057323763918617 0.008574425687458075
2.007128639793457 0.007110450672803512
2.0085249031950525 0.00580968815516799
2.009921166596648 0.004596734920334709
2.0113174299982433 0.003525637888223839
2.0127136933998386 0.0025833341928036832
2.014109956801434 0.001764428623249299
2.0155062202030294 0.0011090812304885437
2.0169024836046248 0.0006171129562847282
2.01829874700622 0.00029525893662363755
2.0196950104078155 8.331823375015441e-05
2.021091273809411 0.0
2.0224875372110063 2.922656814163136e-05
2.0238838006126016 0.00018946535036767632
2.025280064014197 0.0004991366673045097
2.0266763274157924 0.0009951790059881944
2.0280725908173878 0.0016590881255869627
2.029468854218983 0.002462598946102588
2.0308651176205785 0.003428301118787678
2.032261381022174 0.004532054151733815
2.0336576444237693 0.005786786816885681
2.0350539078253647 0.007200922954978498
2.03645017122696 0.008753694139777916
2.0378464346285554 0.01046481840113231
2.039242698030151 0.012381143052466001
2.040638961431746 0.014484816996682194
2.0420352248333415 0.016739419453589293
2.043431488234937 0.019172680355600893
2.0448277516365323 0.021763858144263647
2.0462240150381277 0.02454529676536817
2.047620278439723 0.027456303081141612
2.0490165418413184 0.03049207400216002
2.050412805242914 0.03368504356684845
2.051809068644509 0.03699934951461935
2.0532053320461046 0.04044384609289168
2.0546015954477 0.04408367377834674
2.0559978588492953 0.04792189025339772
2.0573941222508907 0.051892339276259684
2.058790385652486 0.056060821626060166
2.0601866490540814 0.06039652830215765
2.061582912455677 0.06489529255628004
2.062979175857272 0.06958073880504957
2.0643754392588676 0.07448493256665933
2.065771702660463 0.07956381930199595
2.0671679660620583 0.08483302002728332
2.0685642294636537 0.0902593848718251
2.069960492865249 0.0958529384237679
2.0713567562668445 0.1015945770522849
2.07275301966844 0.10744729704175612
2.074149283070035 0.11345697784792913
2.0755455464716306 0.11966869230813976
2.076941809873226 0.1260811148710312
2.0783380732748213 0.13270823972920406
2.0797343366764167 0.13952281871976677
2.081130600078012 0.14654248924994392
2.0825268634796075 0.1537674211525733
2.083923126881203 0.16119636365340806
2.0853193902827982 0.16881626275869055
2.0867156536843936 0.17663281664638086
2.088111917085989 0.18462992612586188
2.0895081804875844 0.1928002096726771
2.0909044438891797 0.2011462272919293
2.092300707290775 0.2096806681676445
2.0936969706923705 0.21839602256087767
2.095093234093966 0.22731464994393435
2.0964894974955612 0.2364327405582554
2.0978857608971566 0.24577507696210932
2.099282024298752 0.25529837138008565
2.1006782877003474 0.2649695907696039
2.1020745511019427 0.2748542596284951
2.103470814503538 0.28494841361475054
2.1048670779051335 0.295209534367218
2.106263341306729 0.3055985005724497
2.1076596047083243 0.31613300292652774
2.1090558681099196 0.32682551824032446
2.110452131511515 0.33766639622667255
2.1118483949131104 0.3486645065366881
2.1132446583147058 0.35980484999664053
2.114640921716301 0.3711174192823382
2.1160371851178965 0.3825984317563258
2.117433448519492 0.39420570076746625
2.1188297119210873 0.40592550107605646
2.1202259753226826 0.41778079306936017
2.121622238724278 0.4298091601038172
2.1230185021258734 0.4419278036114732
2.1244147655274688 0.4541595468335406
2.125811028929064 0.4665286632244449
2.1272072923306595 0.47902494827162
2.128603555732255 0.4916842420488682
2.1299998191338503 0.5044277410950596
2.1313960825354457 0.5173226281163349
2.132792345937041 0.5303147072645109
2.1341886093386364 0.5434597871681078
2.135584872740232 0.5567438769867109
2.136981136141827 0.5701688664682866
2.1383773995434225 0.5836614901652624
2.139773662945018 0.5972511175792902
2.1411699263466133 0.6109892904410734
2.1425661897482087 0.6248506299515879
2.143962453149804 0.63878395417843
2.1453587165513994 0.65284451933401
2.146754979952995 0.6670299834474618
2.14815124335459 0.6812450981695205
2.1495475067561856 0.6956051697227329
2.150943770157781 0.7100921257210181
2.1523400335593763 0.7246574172590764
2.1537362969609717 0.7393297845930265
2.155132560362567 0.7540664005969867
2.1565288237641624 0.7688669190109831
2.157925087165758 0.7837701737872651
2.159321350567353 0.7987154266551458
2.1607176139689486 0.8137193402741911
2.162113877370544 0.8288001309756531
2.1635101407721393 0.8439674880798681
2.1649064041737347 0.8592003124581172
2.16630266757533 0.8744779489379122
2.1676989309769255 0.8898313620911209
2.169095194378521 0.9052346079174863
2.170491457780116 0.9207554605399582
2.1718877211817116 0.9363309689968784
2.173283984583307 0.9520132824853845
2.1746802479849023 0.9677639596828398
2.1760765113864977 0.9835580346645404
2.177472774788093 0.9993360116658834
2.1788690381896885 1.0151407804703918
2.180265301591284 1.0309658526736842
2.181661564992879 1.0468003773677133
2.1830578283944746 1.062644058439812
2.18445409179607 1.0785282936940472
2.1858503551976654 1.0944631388973705
2.1872466185992607 1.1104370088741535
2.188642882000856 1.1264503804772616
2.1900391454024515 1.1425378680705573
2.191435408804047 1.1586323556868556
2.1928316722056422 1.1747683001648408
2.1942279356072376 1.1909176473277279
2.195624199008833 1.207094872473588
2.1970204624104284 1.2232387511251648
2.1984167258120237 1.239430895882636
2.199812989213619 1.2556579033348787
2.2012092526152145 1.2719182882447917
2.20260551601681 1.2882107031616568
2.2040017794184052 1.304504876996061
2.2053980428200006 1.3208428588910257
2.206794306221596 1.3372227701572923
2.2081905696231914 1.3536309139250506
2.2095868330247868 1.3701026082435495
2.210983096426382 1.3866385040818556
2.2123793598279775 1.4032054402774037
2.213775623229573 1.4198125236443346
2.2151718866311683 1.4364509364863358
2.2165681500327636 1.453080282393577
2.217964413434359 1.46973857003425
2.2193606768359544 1.4864398051440284
2.2207569402375498 1.503171653187014
2.222153203639145 1.519975763980314
2.2235494670407405 1.5367839002263466
2.224945730442336 1.553546297420039
2.2263419938439313 1.5702933983428184
2.2277382572455267 1.5871290568613323
2.229134520647122 1.6040068469307445
2.2305307840487174 1.6209260509800594
2.231927047450313 1.6378980907287746
2.233323310851908 1.65495474009799
2.2347195742535035 1.6720938676352186
2.236115837655099 1.6892993187889456
2.2375121010566943 1.7065315986879737
2.2389083644582897 1.723801672720306
2.240304627859885 1.7410732411215315
2.2417008912614804 1.7584117305698366
2.243097154663076 1.775851350202649
2.244493418064671 1.7933903002305707
2.2458896814662666 1.8110137396347286
2.247285944867862 1.8287135103866046
2.2486822082694573 1.8464622106121271
2.2500784716710527 1.8642618021701385
2.251474735072648 1.88217091513478
2.2528709984742434 1.9002105645450946
2.254267261875839 1.9183054564059792
2.255663525277434 1.936496829397205
2.2570597886790296 1.954827551214769
2.258456052080625 1.9732394840834533
2.2598523154822203 1.9917616502571864
2.2612485788838157 2.010455588476413
2.262644842285411 2.0293007880745058
2.2640411056870064 2.048306996798114
2.265437369088602 2.067428042394817
2.266833632490197 2.086699046713124
2.2682298958917926 2.106149592297327
2.269626159293388 2.1257515105288625
2.2710224226949833 2.1454668044189575
2.2724186860965787 2.1653127681367215
2.273814949498174 2.1853260696277474
2.2752112128997695 2.20554777952807
2.276607476301365 2.2259615071491825
2.27800373970296 2.2465481699811214
2.2794000031045556 2.2673472481135124
2.280796266506151 2.2883096592711856
2.2821925299077463 2.309496198407581
2.2835887933093417 2.330880923287548
2.284985056710937 2.3524577822111894
2.2863813201125325 2.37423970335036
2.287777583514128 2.396184356792829
2.2891738469157232 2.418337933730202
2.2905701103173186 2.4406979219539964
2.291966373718914 2.463222667615488
2.2933626371205094 2.4859092136443817
2.2947589005221047 2.508810700394745
2.2961551639237 2.531879796365259
2.2975514273252955 2.5551171817424807
2.298947690726891 2.5785126311384783
2.3003439541284862 2.602120955200698
2.3017402175300816 2.625920888283982
2.303136480931677 2.6499180226359185
2.3045327443332724 2.674096423874768
2.3059290077348678 2.6984415205675774
2.307325271136463 2.7229573157425673
2.3087215345380585 2.747609111422141
2.310117797939654 2.772409616564716
2.3115140613412493 2.7973761397477936
2.3129103247428446 2.822461131477392
2.31430658814444 2.8477195759037275
2.3157028515460354 2.8731495313450064
2.3170991149476308 2.8987468799216134
2.318495378349226 2.924459796950273
2.3198916417508215 2.9503096059708374
2.321287905152417 2.9763098947352185
2.3226841685540123 3.0024437944161937
2.3240804319556077 3.0287044304895088
2.325476695357203 3.0550971352680665
2.3268729587587984 3.0815796633423505
2.328269222160394 3.108148766430486
2.329665485561989 3.1347808804064488
2.3310617489635845 3.161455870450123
2.33245801236518 3.188145438664626
2.3338542757667753 3.214825920414986
2.3352505391683707 3.241530515782653
2.336646802569966 3.2682905967186713
2.3380430659715614 3.2950796647269427
2.339439329373157 3.321877134361531
2.340835592774752 3.34865185071057
2.3422318561763475 3.375316718504865
2.343628119577943 3.4019112329206713
2.3450243829795383 3.4284796563767723
2.3464206463811337 3.4550108579526198
2.347816909782729 3.481493479583753
2.3492131731843244 3.5078738590520833
2.35060943658592 3.5341298725875196
2.352005699987515 3.5602221654485704
2.3534019633891106 3.5861097501183288
2.354798226790706 3.6118115285470074
