0.0 23.85605151891484
0.012 20.6038540775985
0.024 22.24825402672502
0.036000000000000004 23.11326909161002
0.048 22.07728816348778
0.06 20.805358494181917
0.07200000000000001 20.19849144227733
0.084 19.792693186104316
0.096 19.162269293097268
0.108 18.469598036776176
0.12 17.910033572389167
0.132 17.39225457404423
0.14400000000000002 16.780173387679824
0.156 16.078584530099604
0.168 15.340749892376465
0.18 14.575369946173254
0.192 13.7744492815862
0.20400000000000001 12.951304696577253
0.216 12.135044035798728
0.228 11.349375478978274
0.24 10.59769481062709
0.252 9.872840542815908
0.264 9.176449383484496
0.276 8.506483463882802
0.28800000000000003 7.842186345949983
0.3 7.1746879455492945
0.312 6.526550210141124
0.324 5.9160127798397895
0.336 5.34010230605206
0.34800000000000003 4.80006297612951
0.36 4.299597152083223
0.372 3.8251177579925297
0.384 3.3586106661431643
0.396 2.896480993112391
0.40800000000000003 2.4500351201188266
0.42 2.0397496684259124
0.432 1.67784013600604
0.444 1.3575080399811554
0.456 1.0731136355017554
0.468 0.8298157368796808
0.48 0.6253340281921282
0.492 0.4529012882142922
0.504 0.31495824176897713
0.516 0.20654010023281444
0.528 0.11239033250552666
0.54 0.038693899728343695
0.552 0.00601372698596947
0.5640000000000001 0.004079807596866658
0.5760000000000001 0.0019068563798327887
0.588 0.0
0.6 0.0251368096751321
0.612 0.0831608293852355
0.624 0.15569312884358055
0.636 0.22800335710059016
0.648 0.29477834043433404
0.66 0.35389199617489453
0.672 0.40289196554124374
0.684 0.4351322855144417
0.6960000000000001 0.4538668734457474
0.708 0.48854006930474725
0.72 0.5678713379022611
0.732 0.6902465428943572
0.744 0.8533991686451827
0.756 1.0827469532757448
0.768 1.3939702386743704
0.78 1.7611979562432225
0.792 2.1533383666975396
0.804 2.569511107659679
0.8160000000000001 3.0103341636325354
0.8280000000000001 3.4438902501118207
0.84 3.832486039098171
0.852 4.171094113606273
0.864 4.471488271909919
0.876 4.7332522994909
0.888 4.954483449522257
0.9 5.144035366221516
0.912 5.305858099015808
0.924 5.436882067490117
0.936 5.547037279611459
0.9480000000000001 5.6544659605651475
0.96 5.761758683607127
0.972 5.864576810525435
0.984 5.974970522619017
0.996 6.106338614193689
1.008 6.249126778901825
1.02 6.387494854390937
1.032 6.522064536139453
1.044 6.662948431518785
1.056 6.823431318798896
1.068 7.017080921123764
1.08 7.238033359262772
1.092 7.464945270027897
1.104 7.697039674342548
1.116 7.947120404081616
1.1280000000000001 8.203972651861704
1.1400000000000001 8.453586146795658
1.1520000000000001 8.710949942576207
1.164 8.980918331228779
1.176 9.23847929372917
1.188 9.485889854744073
1.2 9.766415294767327
1.212 10.102010320479224
1.224 10.474637113900926
1.236 10.865243313010936
1.248 11.261155695843769
1.26 11.639894851407348
1.272 11.988914847100247
1.284 12.328079500850507
1.296 12.678301414165745
1.308 13.024569927702444
1.32 13.345318515114727
1.332 13.656406736571228
1.344 13.987254625725953
1.356 14.341565118343112
1.368 14.714962421749576
1.3800000000000001 15.11168911236119
1.3920000000000001 15.520322731443471
1.4040000000000001 15.920783042743778
1.416 16.32457828281632
1.428 16.758393266779223
1.44 17.213711199638553
1.452 17.6596215793691
1.464 18.09153331562763
1.476 18.531557402244644
1.488 18.994321687749647
1.5 19.467428451292534
1.512 19.917993425665586
1.524 20.324908130707286
1.536 20.70130066414802
1.548 21.06611123323391
1.56 21.412880327960323
1.572 21.72897528065907
1.584 22.01469749955828
1.596 22.270283512171986
1.608 22.499888558744416
1.62 22.72471770498369
1.6320000000000001 22.958232909810533
1.6440000000000001 23.18619482477895
1.6560000000000001 23.394419892548058
1.668 23.5869975836914
1.68 23.76345022456165
1.692 23.9122562466507
1.704 24.03669091264058
1.716 24.156728482623592
1.728 24.279727821197042
1.74 24.393926812882015
1.752 24.493165929768566
1.764 24.585562309984553
1.776 24.67417844530206
1.788 24.749010205414137
1.8 24.802822948531343
1.812 24.840206838175547
1.824 24.871494431856945
1.836 24.907841004336973
1.848 24.953195508364246
1.86 24.993894138273646
1.872 25.011957861763022
1.8840000000000001 25.01404862256011
1.8960000000000001 25.028286442392343
1.9080000000000001 25.067401799299375
1.92 25.11463239040833
1.932 25.153566584544933
1.944 25.192892345065374
1.956 25.24727192223024
1.968 25.309711081757015
1.98 25.36500164315268
1.992 25.419743640619657
2.004 25.49365085138659
2.016 25.58759153439935
2.028 25.68124523818001
2.04 25.757184747401993
2.052 25.81719601411379
2.064 25.879246308346453
2.076 25.953730204330597
2.088 26.0217828174913
2.1 26.057211672163604
2.112 26.068248497067557
2.124 26.08997851705169
2.136 26.137851892676224
2.148 26.19549326365636
2.16 26.249770886066955
2.172 26.31369488033549
2.184 26.403941736596295
2.196 26.51670455186077
2.208 26.639031796958676
2.22 26.76045921328698
2.232 26.866414672767434
2.244 26.948837791724756
2.2560000000000002 27.021553764543327
2.2680000000000002 27.101428711919453
2.2800000000000002 27.18767925790074
2.2920000000000003 27.271618734531657
2.3040000000000003 27.34754715547973
2.316 27.414202876895985
2.328 27.478475442635457
2.34 27.546918699001523
2.352 27.609152841357798
2.364 27.645006502424607
2.376 27.652390952260177
2.388 27.65684813362347
2.4 27.68414257607003
2.412 27.731097503110036
2.424 27.779191706151266
2.436 27.82500296691046
2.448 27.872006424209914
2.46 27.90961325750692
2.472 27.931739270401224
2.484 27.955304170912996
2.496 27.991676170527256
2.508 28.024142456987505
2.52 28.036949139809906
2.532 28.044110403301616
2.544 28.069291287500533
2.556 28.110239638855546
2.568 28.14290492165496
2.58 28.1585046979486
2.592 28.17313948968271
2.604 28.198717092264374
2.616 28.236607425865174
2.628 28.297705694226806
2.64 28.386984052469117
2.652 28.477337989635757
2.664 28.5395518478784
2.676 28.584325093011003
2.688 28.64373763509917
2.7 28.723623006310262
2.712 28.79937178635697
2.724 28.854746800738255
2.736 28.89499042619171
2.748 28.919650969226822
2.7600000000000002 28.926754123847743
2.7720000000000002 28.942699868734394
2.7840000000000003 28.98900870103516
2.7960000000000003 29.032596041252532
2.8080000000000003 29.03702144592235
2.82 29.03671470825499
2.832 29.087021662367647
2.844 29.169489383757252
2.856 29.21709385600373
2.868 29.209261006678233
2.88 29.18323003966195
2.892 29.170384920477517
2.904 29.167844495687078
2.916 29.164634997750795
2.928 29.161835961525355
2.94 29.159230914940153
2.952 29.14000044929182
2.964 29.088277344496703
2.976 29.021135807361105
2.988 28.98011285839459
3.0 28.982882594234496
3.012 29.008444541699063
3.024 29.03571348888164
3.036 29.063655242784662
3.048 29.08790782819281
3.06 29.0918563690403
3.072 29.07141109361804
3.084 29.04568471310533
3.096 29.029807736085118
3.108 29.01245026617856
3.12 28.98042997780736
3.132 28.95097371713929
3.144 28.949641904277243
3.156 28.970337779497513
3.168 28.986625984859387
3.18 28.987879861542098
3.192 28.98550604237667
3.204 28.998179067123672
3.216 29.03513228496098
3.228 29.079241701218137
3.24 29.09383508576674
3.2520000000000002 29.064259882781485
3.2640000000000002 29.023322137737196
3.2760000000000002 29.01617414756646
3.2880000000000003 29.04657623934571
3.3000000000000003 29.07463005967449
3.3120000000000003 29.064084582829764
3.3240000000000003 29.018169116369847
3.336 28.96443895084147
3.348 28.91614763833276
3.36 28.87206189158971
3.372 28.847736291309985
3.384 28.862842840257045
3.396 28.897882993471555
3.408 28.913820051119473
3.42 28.909107122195408
3.432 28.909845865507975
3.444 28.92388783457521
3.456 28.947724242764792
3.468 28.983563173705733
3.48 29.013034790187376
3.492 28.997599339181917
3.504 28.933459714039117
3.516 28.86670816712585
3.528 28.836797759527173
3.54 28.835450724047362
3.552 28.832360541211386
3.564 28.818147573742237
3.576 28.807451884767843
3.588 28.81200895800974
3.6 28.825131724841484
3.612 28.830432014313402
3.624 28.81865966617113
3.636 28.792465715716588
3.648 28.7538347687926
3.66 28.698571039313123
3.672 28.63696377811732
3.684 28.60290055443197
3.696 28.615224787263926
3.708 28.64769232256849
3.72 28.66985522624239
3.732 28.69286508225801
3.744 28.732971048936847
3.7560000000000002 28.760143914009333
3.7680000000000002 28.73769126960589
3.7800000000000002 28.685818264413996
3.7920000000000003 28.650890426982357
3.8040000000000003 28.641046326859794
3.8160000000000003 28.641996638161373
3.8280000000000003 28.662253914371632
3.84 28.712785914731953
3.852 28.765220739235914
3.864 28.772705353253357
3.876 28.724847602854283
3.888 28.655884268099882
3.9 28.602410021823275
3.912 28.572559406010512
3.924 28.554250921866284
3.936 28.531448771463147
3.948 28.488979805729358
3.96 28.426991754786613
3.972 28.377068693463144
3.984 28.372510502165028
3.996 28.396443440195654
4.008 28.397445611306992
4.0200000000000005 28.359822114279027
4.032 28.31564635333092
4.0440000000000005 28.29016693973837
4.056 28.282991792099722
4.0680000000000005 28.295012223714053
4.08 28.324746332082483
4.0920000000000005 28.349332500670442
4.104 28.347529112250655
4.116 28.32331731785719
4.128 28.286597644574456
4.14 28.238781349821338
4.152 28.187373293545818
4.164 28.146149475005785
4.176 28.115365501426766
4.188 28.0860685314381
4.2 28.06494999184389
4.212 28.06417772633634
4.224 28.065203054199998
4.236 28.03663273286405
4.248 27.992301998680162
4.26 27.977506189094314
4.272 27.993481366634967
4.284 27.993915220238264
4.296 27.95950700497292
4.308 27.91960127191318
4.32 27.89714350018926
4.332 27.884620277398028
4.344 27.879921517434994
4.356 27.89839944519366
4.368 27.938295753322322
4.38 27.972491432481576
4.392 27.983261666492822
4.404 27.972213659901584
4.416 27.937818150109237
4.428 27.881444831451162
4.44 27.83052916023523
4.452 27.817024600098307
4.464 27.833874278473047
4.476 27.842002587102385
4.488 27.823172818626418
4.5 27.801509999348184
4.5120000000000005 27.79909863968409
4.524 27.795737924949464
4.5360000000000005 27.764000503107624
4.548 27.720777693911344
4.5600000000000005 27.704903665731422
4.572 27.724876436600397
4.5840000000000005 27.759965342745033
4.596 27.78933602326572
4.6080000000000005 27.798521447910375
4.62 27.778262653262587
4.632 27.73251402928001
4.644 27.677660320726105
4.656 27.62936007876185
4.668 27.59663893422271
4.68 27.583988545475833
4.692 27.590350136071933
4.704 27.610580640693442
4.716 27.63594755834768
4.728 27.647530694871676
4.74 27.627632560635448
4.752 27.58546228571994
4.764 27.545960042194707
4.776 27.514502886903642
4.788 27.48263413035953
4.8 27.456015149854437
4.812 27.44364759679715
4.824 27.433620118118654
4.836 27.405320793873074
4.848 27.354116738566674
4.86 27.292321636005667
4.872 27.23561345989613
4.884 27.190344658665722
4.896 27.152054095703207
4.908 27.118294065185466
4.92 27.091093011147436
4.932 27.065141737133345
4.944 27.036621501937077
4.956 27.022325730788637
4.968 27.042126453152832
4.98 27.084496918045858
4.992 27.11667849230423
5.0040000000000004 27.12814734057288
5.016 27.136898887932816
5.0280000000000005 27.154531502385183
5.04 27.176566057208575
5.0520000000000005 27.20339803806749
5.064 27.237411877093493
5.0760000000000005 27.266756153825
5.088 27.278202057781044
5.1000000000000005 27.27300228014542
5.112 27.256168409828945
5.124 27.22828589561466
5.136 27.19522172828063
5.148 27.169025789356922
5.16 27.15196280960238
5.172 27.131298216726222
5.184 27.09942626832958
5.196 27.071352416548933
5.208 27.068130624444024
5.22 27.08538220798431
5.232 27.096827227165335
5.244 27.092953225544036
5.256 27.09244473304328
5.268 27.10728014984136
5.28 27.12692210435779
5.292 27.14395395631246
5.304 27.157204898239698
5.316 27.14901584401285
5.328 27.106164931632904
5.34 27.060028888673415
5.352 27.05885929497505
5.364 27.10408840318368
5.376 27.14973846787443
5.388 27.160425002276156
5.4 27.147564087291457
5.412 27.144230167091052
5.424 27.155909709309867
5.436 27.16088934436533
5.448 27.15506193147283
5.46 27.15223485100509
5.472 27.14412017030068
5.484 27.1087358917882
5.496 27.050503892627134
5.508 26.994643357542003
5.5200000000000005 26.953496000367707
5.532 26.922971949511876
5.5440000000000005 26.903271690546774
5.556 26.90538446907395
5.5680000000000005 26.935427916746008
5.58 26.979871735988425
5.5920000000000005 27.01206136798467
5.604 27.01682098906872
5.6160000000000005 27.006498394068075
5.628 27.00162600116616
5.64 26.99765135510887
5.652 26.974482504859296
5.664 26.937568046835707
5.676 26.915351501787868
5.688 26.915911634679986
5.7 26.920524795504235
5.712 26.91768613133793
5.724 26.911680071706883
5.736 26.899680583957874
5.748 26.869386564758784
5.76 26.825004315067844
5.772 26.791670733769806
5.784 26.780056971085756
5.796 26.76994298698358
5.808 26.74896964700777
5.82 26.73972433532299
5.832 26.76479730254742
5.844 26.8093734355341
5.856 26.83585148066416
5.868 26.832133533383654
5.88 26.84933614428823
5.892 26.946421224408283
5.904 27.03792734882883
5.916 26.92855287149716
5.928 26.69658785257603
5.94 26.766650415687522
5.952 27.043456501401735
5.964 26.391204107864468
5.976 24.443887627995494
5.988 24.244627487178036
