-0.9773843811168288 2.2578998506679966
-0.9759881177152334 2.2546409538653904
-0.974591854313638 2.2511644350869915
-0.9731955909120427 2.247479228750052
-0.9717993275104473 2.243540476803645
-0.9704030641088519 2.239383792376799
-0.9690068007072565 2.2349806386752675
-0.9676105373056612 2.230350096997995
-0.9662142739040658 2.2255215167903657
-0.9648180105024704 2.2204547278221867
-0.963421747100875 2.215192796185221
-0.9620254836992796 2.2096961853111736
-0.9606292202976843 2.2040194799930646
-0.9592329568960889 2.198127431039154
-0.9578366934944935 2.1920011754496898
-0.9564404300928981 2.1856556893327195
-0.9550441666913028 2.179124355669302
-0.9536479032897074 2.1724152894281303
-0.952251639888112 2.1655328546724206
-0.9508553764865166 2.1584651950043963
-0.9494591130849213 2.151212523383805
-0.9480628496833259 2.143776214469284
-0.9466665862817305 2.1361797798995497
-0.9452703228801351 2.1284292146612245
-0.9438740594785398 2.1205228181940754
-0.9424777960769444 2.112387744012409
-0.941081532675349 2.10405461540509
-0.9396852692737536 2.095566554058763
-0.9382890058721582 2.0869180067131765
-0.9368927424705629 2.0781456056591026
-0.9354964790689675 2.0692453834807907
-0.9341002156673721 2.0602299515290383
-0.9327039522657767 2.051064981901078
-0.9313076888641814 2.041780185050868
-0.929911425462586 2.0323039066789192
-0.9285151620609906 2.0227108401105056
-0.9271188986593952 2.0129664713285536
-0.9257226352577999 2.003076746428519
-0.9243263718562045 1.9930688410544235
-0.9229301084546091 1.9829812346743267
-0.9215338450530137 1.9727865898742607
-0.9201375816514183 1.9625127333856938
-0.918741318249823 1.9521746276731733
-0.9173450548482276 1.9417633679917117
-0.9159487914466322 1.9312715603830668
-0.9145525280450368 1.9207104646305595
-0.9131562646434415 1.9100905790576803
-0.9117600012418461 1.8993866931070045
-0.9103637378402507 1.8885799026492123
-0.9089674744386553 1.8777098413923738
-0.90757121103706 1.866762251315663
-0.9061749476354646 1.8557545283609613
-0.9047786842338692 1.8446862870293899
-0.9033824208322738 1.8335998201976622
-0.9019861574306784 1.8224380440467485
-0.9005898940290831 1.8112138912511
-0.8991936306274877 1.7998820693738935
-0.8977973672258923 1.7884754695048173
-0.8964011038242969 1.7769820271283834
-0.8950048404227016 1.7654808182976751
-0.8936085770211062 1.7539442436637955
-0.8922123136195108 1.7423117494562064
-0.8908160502179154 1.7306232959242607
-0.8894197868163201 1.7188920113599693
-0.8880235234147247 1.70707710525744
-0.8866272600131293 1.695200390841137
-0.8852309966115339 1.683333786375158
-0.8838347332099386 1.6714570206200392
-0.8824384698083432 1.6595716160922223
-0.8810422064067478 1.6476881946220772
-0.8796459430051524 1.6357940842094365
-0.878249679603557 1.6238953118589166
-0.8768534162019617 1.6119910591978055
-0.8754571528003663 1.6000957137490275
-0.8740608893987709 1.588185737034678
-0.8726646259971755 1.576276599817703
-0.8712683625955802 1.564341739498559
-0.8698720991939848 1.5524326814755227
-0.8684758357923894 1.5405259456628357
-0.867079572390794 1.5286237932918993
-0.8656833089891987 1.5167015893224516
-0.8642870455876033 1.5047466694228433
-0.8628907821860079 1.4928051427313562
-0.8614945187844125 1.4808344939367544
-0.8600982553828171 1.4688846061376921
-0.8587019919812218 1.456952571952172
-0.8573057285796264 1.4449895231851428
-0.855909465178031 1.4330414660053634
-0.8545132017764356 1.4211034693137776
-0.8531169383748403 1.4091456492198517
-0.8517206749732449 1.3971893854132418
-0.8503244115716495 1.3852482182851134
-0.8489281481700541 1.3733332406205534
-0.8475318847684588 1.3614557179242581
-0.8461356213668634 1.3495601081742734
-0.844739357965268 1.3376737526971567
-0.8433430945636726 1.325778087740531
-0.8419468311620772 1.3138654466985997
-0.8405505677604819 1.3019161814307836
-0.8391543043588865 1.2899835266449031
-0.8377580409572911 1.2781029645653348
-0.8363617775556957 1.2662464935080777
-0.8349655141541004 1.2543490519850309
-0.833569250752505 1.2424300330571612
-0.8321729873509096 1.2305444933145964
-0.8307767239493142 1.2186700091856721
-0.8293804605477189 1.2067822947943512
-0.8279841971461235 1.194921511606509
-0.8265879337445281 1.1831129156412032
-0.8251916703429327 1.1713535707820313
-0.8237954069413373 1.1596299253026814
-0.822399143539742 1.1478882244160502
-0.8210028801381466 1.1361051444247607
-0.8196066167365512 1.1243279697282276
-0.8182103533349558 1.1125682840803677
-0.8168140899333605 1.1007664646031685
-0.8154178265317651 1.0889896831730823
-0.8140215631301697 1.0772308222421998
-0.8126252997285743 1.0654932632193663
-0.811229036326979 1.0537875339168181
-0.8098327729253836 1.0421166578858845
-0.8084365095237882 1.0304345630707985
-0.8070402461221928 1.018785639885607
-0.8056439827205975 1.0071643699752713
-0.8042477193190021 0.9955453737962046
-0.8028514559174067 0.983978106736032
-0.8014551925158113 0.9724037468706115
-0.8000589291142159 0.9608624655131734
-0.7986626657126206 0.9493383600404286
-0.7972664023110252 0.9378476896496011
-0.7958701389094298 0.9264066056221907
-0.7944738755078344 0.9150381900113302
-0.7930776121062391 0.90373500536856
-0.7916813487046437 0.8924519307069829
-0.7902850853030483 0.881182365587108
-0.7888888219014529 0.8698716621938161
-0.7874925584998576 0.8585526714238938
-0.7860962950982622 0.8473021624219825
-0.7847000316966668 0.836114779104463
-0.7833037682950714 0.8249774142076944
-0.781907504893476 0.8138582349653518
-0.7805112414918807 0.8027568351974708
-0.7791149780902853 0.791677222042324
-0.7777187146886899 0.780615962642969
-0.7763224512870945 0.7695978239796375
-0.7749261878854992 0.7586214435316947
-0.7735299244839038 0.7476960234222929
-0.7721336610823084 0.7367890228617568
-0.770737397680713 0.725944139813862
-0.7693411342791177 0.7151550761602721
-0.7679448708775223 0.7044156754232915
-0.7665486074759269 0.6937141186052145
-0.7651523440743315 0.6830574281576958
-0.7637560806727361 0.6724484599798473
-0.7623598172711408 0.6619028051647717
-0.7609635538695454 0.6514206728037379
-0.75956729046795 0.6409651653370076
-0.7581710270663546 0.6305631174020618
-0.7567747636647593 0.620212719302117
-0.7553785002631639 0.6099424177309629
-0.7539822368615685 0.5997478716410569
-0.7525859734599731 0.5896041811199098
-0.7511897100583778 0.5795487532011521
-0.7497934466567824 0.5695600711845543
-0.748397183255187 0.5596628424538892
-0.7470009198535916 0.549827583665575
-0.7456046564519963 0.5400628424239073
-0.7442083930504009 0.5303642955665566
-0.7428121296488055 0.520748451749995
-0.7414158662472101 0.5111984471687379
-0.7400196028456147 0.5016877617399302
-0.7386233394440194 0.49226504827007034
-0.737227076042424 0.4828984420160225
-0.7358308126408286 0.4736059980481002
-0.7344345492392332 0.4643836412128053
-0.7330382858376379 0.45520310595932756
-0.7316420224360425 0.44611358026529047
-0.7302457590344471 0.43705246185666624
-0.7288494956328517 0.4280565122878386
-0.7274532322312564 0.41907939243731107
-0.726056968829661 0.41021195855728365
-0.7246607054280656 0.40143590677794805
-0.7232644420264702 0.39273130874934736
-0.7218681786248748 0.38410456420572814
-0.7204719152232795 0.3755413646044303
-0.7190756518216841 0.36703431865171865
-0.7176793884200887 0.3586179829586911
-0.7162831250184933 0.3502401573633165
-0.714886861616898 0.3419543961295801
-0.7134905982153026 0.3336972720590268
-0.7120943348137072 0.32550722437531476
-0.7106980714121118 0.3174230892219896
-0.7093018080105165 0.309434115698366
-0.7079055446089211 0.3014849456660329
-0.7065092812073257 0.29357300490315197
-0.7051130178057303 0.2857651201316287
-0.703716754404135 0.278070916093327
-0.7023204910025396 0.27048147076368423
-0.7009242276009442 0.2629587229882304
-0.6995279641993488 0.25554861262762074
-0.6981317007977534 0.24818707221325553
-0.6967354373961581 0.24089005399869734
-0.6953391739945627 0.23368964946064352
-0.6939429105929673 0.2265980245487924
-0.6925466471913719 0.2196026498139929
-0.6911503837897766 0.2126869961064699
-0.6897541203881812 0.20583276701333375
-0.6883578569865858 0.19907127531996593
-0.6869615935849904 0.19243850941413143
-0.685565330183395 0.18591051772224887
-0.6841690667817997 0.1794424323574333
-0.6827728033802043 0.17306309911251105
-0.6813765399786089 0.16682888002250706
-0.6799802765770135 0.16070865724174155
-0.6785840131754182 0.15466189508302364
-0.6771877497738228 0.14871387977356676
-0.6757914863722274 0.1428987055442974
-0.674395222970632 0.13720570848039415
-0.6729989595690367 0.13156188873813335
-0.6716026961674413 0.12601466985248067
-0.6702064327658459 0.12046807680334837
-0.6688101693642505 0.1149696483446121
-0.6674139059626552 0.10958069150223082
-0.6660176425610598 0.10430080520634988
-0.6646213791594644 0.09910968981168367
-0.663225115757869 0.0940251486575221
-0.6618288523562736 0.0890759278382518
-0.6604325889546783 0.08425182755033234
-0.6590363255530829 0.07955202041640064
-0.6576400621514875 0.07499801629046488
-0.6562437987498921 0.07057917685963844
-0.6548475353482968 0.0662621823348104
-0.6534512719467014 0.0620808502186776
-0.652055008545106 0.058034516321157525
-0.6506587451435106 0.054123676949785704
-0.6492624817419153 0.050348183407379565
-0.6478662183403199 0.046707734836758164
-0.6464699549387245 0.04322689181216788
-0.6450736915371291 0.03991497561366941
-0.6436774281355337 0.03675280296187111
-0.6422811647339384 0.03367325957918865
-0.640884901332343 0.030701674798734757
-0.6394886379307476 0.027836826390341685
-0.6380923745291522 0.025055508409963068
-0.6366961111275569 0.022422955825760482
-0.6352998477259615 0.019877175001539626
-0.6339035843243661 0.017415133230031188
-0.6325073209227707 0.015110933988523811
-0.6311110575211754 0.012977753611266962
-0.62971479411958 0.011035362178091646
-0.6283185307179846 0.009276271193755292
-0.6269222673163892 0.0076711845069326046
-0.6255260039147938 0.00623108450739096
-0.6241297405131985 0.004941072137228275
-0.6227334771116031 0.0038098592364974593
-0.6213372137100077 0.0028903890903961837
-0.6199409503084123 0.0021315134032704464
-0.618544686906817 0.0014660477937979977
-0.6171484235052216 0.0008607237182047811
-0.6157521601036262 0.00040120104193874795
-0.6143558967020308 0.00012805707811480715
-0.6129596333004355 0.0
-0.6115633698988401 2.690283261586046e-05
-0.6101671064972447 0.0002163389150950934
-0.6087708430956493 0.0005703355071489113
-0.607374579694054 0.0010561232190298142
-0.6059783162924586 0.001702440403903438
-0.6045820528908632 0.0025353746952703204
-0.6031857894892678 0.003538770612465214
-0.6017895260876724 0.004693930837191829
-0.6003932626860771 0.006023303584385076
-0.5989969992844817 0.007514706260991488
-0.5976007358828863 0.009167408271736122
-0.5962044724812909 0.010880988260566937
-0.5948082090796956 0.01276229441407395
-0.5934119456781002 0.014856720906664123
-0.5920156822765048 0.017143743347588725
-0.5906194188749094 0.01962449249182896
-0.589223155473314 0.022239484726469527
-0.5878268920717187 0.025004241216748824
-0.5864306286701233 0.027895995083554226
-0.5850343652685279 0.030961927936886013
-0.5836381018669325 0.03414911689924338
-0.5822418384653372 0.037484524627501514
-0.5808455750637418 0.040997497811076755
-0.5794493116621464 0.04468323751720504
-0.578053048260551 0.04854486663231228
-0.5766567848589557 0.05263152127787407
-0.5752605214573603 0.05693079115235378
-0.5738642580557649 0.061402059604375836
-0.5724679946541695 0.06604525797430938
-0.5710717312525742 0.0708334034470397
-0.5696754678509788 0.07569868700457505
-0.5682792044493834 0.08073334168790325
-0.566882941047788 0.0859420340817394
-0.5654866776461926 0.09133878494543524
-0.5640904142445973 0.09694566389501347
-0.5626941508430019 0.10270554372533525
-0.5612978874414065 0.10856922999934682
-0.5599016240398111 0.11458501550654887
-0.5585053606382158 0.12075856399536633
-0.5571090972366204 0.1271032498306397
-0.555712833835025 0.13361233223713498
-0.5543165704334296 0.14029617957703522
-0.5529203070318343 0.14712842456677322
-0.5515240436302389 0.15410492576233992
-0.5501277802286435 0.16123010171955343
-0.5487315168270481 0.16854593488190517
-0.5473352534254528 0.1760165020568536
-0.5459389900238574 0.18363847264603805
-0.544542726622262 0.1914146813778359
-0.5431464632206666 0.1993626702791289
-0.5417501998190712 0.20750204936561545
-0.5403539364174759 0.21573602114338541
-0.5389576730158805 0.2241344096701141
-0.5375614096142851 0.23272111121872285
-0.5361651462126897 0.24142896496499588
-0.5347688828110944 0.2502662533742068
-0.533372619409499 0.2592913083575752
-0.5319763560079036 0.26848490476061215
-0.5305800926063082 0.27776888584043036
-0.5291838292047129 0.28715921885699913
-0.5277875658031175 0.2966892472988718
-0.5263913024015221 0.3063561269809725
-0.5249950389999267 0.3161972719941559
-0.5235987755983313 0.32618799360975004
-0.522202512196736 0.3363383985443704
-0.5208062487951406 0.34667024303192306
-0.5194099853935452 0.35715497539402463
-0.5180137219919498 0.3677923824270408
-0.5166174585903545 0.37857077939588635
-0.5152211951887591 0.3894873903765017
-0.5138249317871637 0.4005523551384442
-0.5124286683855683 0.4117761712734591
-0.511032404983973 0.4231262524887711
-0.5096361415823776 0.4346225560302912
-0.5082398781807822 0.44630185636017927
-0.5068436147791868 0.45814346131069783
-0.5054473513775914 0.47012297939352266
-0.5040510879759961 0.4822259688425561
-0.5026548245744007 0.4944555406604536
-0.5012585611728053 0.5068153245350402
-0.49986229777120994 0.519313495424484
-0.49846603436961456 0.5319631824070541
-0.4970697709680192 0.5447633194702348
-0.4956735075664238 0.5576662418442027
-0.49427724416482843 0.5707196965730077
-0.49288098076323306 0.5839100450058652
-0.4914847173616377 0.5972641346726277
-0.4900884539600423 0.6107571045980649
-0.4886921905584469 0.6243645610198314
-0.48729592715685155 0.6380633751249434
-0.4858996637552562 0.6518425895792177
-0.4845034003536608 0.6657007596369624
-0.4831071369520654 0.6796753426934004
-0.48171087355047004 0.6937884960644567
-0.48031461014887467 0.7079865120279862
-0.4789183467472793 0.7222921193890386
-0.4775220833456839 0.7367233212676183
-0.47612581994408854 0.751286347666337
-0.47472955654249316 0.7659454588392975
-0.4733332931408978 0.7806951903139066
-0.4719370297393024 0.7955368441329824
-0.47054076633770703 0.8104363403029993
-0.46914450293611165 0.8254148989885266
-0.4677482395345163 0.8404979596776911
-0.4663519761329209 0.855683550002027
-0.4649557127313255 0.870920268264058
-0.46355944932973014 0.8862344863173064
-0.46216318592813477 0.9016549021134495
-0.4607669225265394 0.9171657234707595
-0.459370659124944 0.9327667634349552
-0.45797439572334864 0.9484183964654562
-0.45657813232175326 0.9641636491405734
-0.4551818689201579 0.9800192756683828
-0.4537856055185625 0.9959791553986861
-0.45238934211696713 1.0120126280260706
-0.45099307871537175 1.0280588581558732
-0.4495968153137764 1.0441064954655417
-0.448200551912181 1.0602063319273043
-0.4468042885105856 1.0763374895348647
-0.44540802510899025 1.092523464834585
-0.44401176170739487 1.108750150533524
-0.4426154983057995 1.125014996897221
-0.4412192349042041 1.1412960132509227
-0.43982297150260874 1.1575924380988454
-0.43842670810101336 1.1739295131308438
-0.437030444699418 1.1903135591373086
-0.4356341812978226 1.2067030677243054
-0.43423791789622723 1.223112206225096
-0.43284165449463186 1.2395586277897905
-0.4314453910930365 1.2560361731149499
-0.4300491276914411 1.272536450768456
-0.4286528642898457 1.289084827053074
-0.42725660088825035 1.3056604854016598
-0.42586033748665497 1.3221849337821538
-0.4244640740850596 1.3386728117593236
-0.4230678106834642 1.3551520341445098
-0.42167154728186884 1.3716391769212066
-0.42027528388027346 1.3881287478118907
-0.4188790204786781 1.4046161916108986
-0.4174827570770827 1.4210610414199607
-0.41608649367548733 1.4374663120778735
-0.41469023027389196 1.453823711182224
-0.4132939668722966 1.470156003090807
-0.4118977034707012 1.486408774086982
-0.4105014400691058 1.502582123933223
-0.40910517666751045 1.518736106315771
-0.4077089132659151 1.5348343252334473
-0.4063126498643197 1.550817233931241
-0.4049163864627243 1.5667334313449999
-0.40352012306112894 1.58261104531897
-0.40212385965953357 1.598447991154302
-0.4007275962579382 1.6142294957747936
-0.3993313328563428 1.6299548727209299
-0.39793506945474744 1.645566004038244
-0.39653880605315206 1.6610671350408097
-0.3951425426515567 1.6764479136615762
-0.3937462792499613 1.6917225242327447
-0.39235001584836593 1.706939088317938
-0.39095375244677055 1.7220505483460329
-0.3895574890451752 1.7370315957729474
-0.3881612256435798 1.751910030711258
-0.3867649622419844 1.7666910060013379
-0.38536869884038905 1.7813656926305157
-0.38397243543879367 1.795888621840703
-0.3825761720371983 1.8102372305489496
-0.3811799086356029 1.824430309567532
-0.37978364523400754 1.8385002319891726
-0.37838738183241216 1.852437534990429
-0.3769911184308168 1.8661911931295379
-0.3755948550292214 1.879762350267498
-0.37419859162762603 1.893194072577728
-0.37280232822603065 1.9064567348441415
-0.3714060648244353 1.919517918529408
-0.3700098014228399 1.9323748029071623
-0.3686135380212445 1.9450183374832761
-0.36721727461964915 1.9574756136942995
-0.36582101121805377 1.9697365961852427
-0.3644247478164584 1.9817851966034823
-0.363028484414863 1.9936509881124493
-0.36163222101326764 2.0053310306880405
-0.36023595761167226 2.0168205124359417
-0.3588396942100769 2.028121016095355
-0.3574434308084815 2.0391908720933998
-0.35604716740688613 2.050056921257294
-0.35465090400529076 2.0607212139314015
-0.3532546406036954 2.0711556754789058
-0.3518583772021 2.0813607699992076
-0.3504621138005046 2.0913473944061423
