1.727875959474382 4.651078534542336
1.7292722228759774 4.642668115371693
1.7306684862775727 4.6333115547605725
1.7320647496791681 4.622947844884703
1.7334610130807635 4.611660633742348
1.7348572764823589 4.599453273861431
1.7362535398839543 4.586346517467186
1.7376498032855496 4.572332436830795
1.739046066687145 4.557428182281485
1.7404423300887404 4.541606466405739
1.7418385934903358 4.524865565615072
1.7432348568919311 4.5071906467807885
1.7446311202935265 4.488620465270387
1.746027383695122 4.469142707111864
1.7474236470967173 4.448766047652407
1.7488199104983126 4.427554113690052
1.750216173899908 4.405508957626375
1.7516124373015034 4.3826790779308595
1.7530087007030988 4.359005629788759
1.7544049641046942 4.3344955413000905
1.7558012275062895 4.309161522992309
1.757197490907885 4.283085547086675
1.7585937543094803 4.25623726790304
1.7599900177110757 4.22862947423833
1.761386281112671 4.200289752802666
1.7627825445142664 4.1711642318632265
1.7641788079158618 4.141322281379582
1.7655750713174572 4.110762339548721
1.7669713347190525 4.079541752936093
1.768367598120648 4.047640929663617
1.7697638615222433 4.015072939104509
1.7711601249238387 3.9818134202791198
1.772556388325434 3.9479364136153707
1.7739526517270294 3.913472916055146
1.7753489151286248 3.8784482624036802
1.7767451785302202 3.842906208109825
1.7781414419318156 3.806842222428067
1.779537705333411 3.7702618555359404
1.7809339687350063 3.733202833900609
1.7823302321366017 3.6956643603983323
1.783726495538197 3.6576047944320766
1.7851227589397924 3.6190736207129017
1.7865190223413878 3.580101490779554
1.7879152857429832 3.5407334046249628
1.7893115491445786 3.5009683215587555
1.790707812546174 3.46086554014069
1.7921040759477693 3.4204366909087187
1.7935003393493647 3.3797031656634897
1.79489660275096 3.3386880806520844
1.7962928661525555 3.2973753107989903
1.7976891295541508 3.2558079547628402
1.7990853929557462 3.2139719590512024
1.8004816563573416 3.171927383226434
1.801877919758937 3.1296785187202114
1.8032741831605323 3.0872117652429254
1.8046704465621277 3.0445083307180454
1.806066709963723 3.0016197264455085
1.8074629733653185 2.958517798504362
1.8088592367669138 2.9152725692966626
1.8102555001685092 2.8719577641759018
1.8116517635701046 2.828618229181809
1.8130480269717 2.7852378831827758
1.8144442903732954 2.7417954756082907
1.8158405537748907 2.698379964913091
1.817236817176486 2.6549573566024547
1.8186330805780815 2.611490811748095
1.8200293439796769 2.568006667561792
1.8214256073812722 2.52458493881
1.8228218707828676 2.4812780448836613
1.824218134184463 2.4380796164857093
1.8256143975860584 2.394966171634429
1.8270106609876537 2.3519771769500015
1.8284069243892491 2.309133366464018
1.8298031877908445 2.2664438960229316
1.8311994511924399 2.2239340543877475
1.8325957145940353 2.18161252682722
1.8339919779956306 2.1394289106798303
1.835388241397226 2.0974653241766616
1.8367845047988214 2.0557449512212354
1.8381807682004168 2.0142873277302638
1.8395770316020121 1.9731258815370767
1.8409732950036075 1.932251829797062
1.842369558405203 1.8916925135059675
1.8437658218067983 1.8514490092468447
1.8451620852083936 1.8115249519484926
1.846558348609989 1.771951563083105
1.8479546120115844 1.732691908984441
1.8493508754131798 1.693780403490986
1.8507471388147752 1.6552298991141297
1.8521434022163705 1.6170824244115602
1.853539665617966 1.5793120196497294
1.8549359290195613 1.541945835997881
1.8563321924211567 1.5049210641758717
1.857728455822752 1.4683494994653907
1.8591247192243474 1.4322499207057893
1.8605209826259428 1.3965570174423962
1.8619172460275382 1.3613026510871917
1.8633135094291335 1.3265040857935952
1.864709772830729 1.2921725058288074
1.8661060362323243 1.2583061900125805
1.8675022996339197 1.2248667701268545
1.868898563035515 1.191883443954231
1.8702948264371104 1.1593575418236042
1.8716910898387058 1.127335031798335
1.8730873532403012 1.0958035142224662
1.8744836166418966 1.0648132139456503
1.875879880043492 1.0343270184826023
1.8772761434450873 1.0043123781351146
1.8786724068466827 0.974791590204281
1.880068670248278 0.945722358376325
1.8814649336498734 0.9172000911925753
1.8828611970514688 0.8892303876081141
1.8842574604530642 0.861800735772286
1.8856537238546596 0.8349256505384915
1.887049987256255 0.808602282862598
1.8884462506578503 0.7827963032616447
1.8898425140594457 0.7574543518283151
1.891238777461041 0.7326674357563816
1.8926350408626365 0.7084016636136213
1.8940313042642318 0.6846697068666842
1.8954275676658272 0.6614748319383478
1.8968238310674226 0.638781471800352
1.898220094469018 0.616631297976246
1.8996163578706133 0.5949771304080506
1.9010126212722087 0.5738371040966931
1.902408884673804 0.5532457529284166
1.9038051480753995 0.5331139257343233
1.9052014114769948 0.5134992056603228
1.9065976748785902 0.494346068106716
1.9079939382801856 0.4756001110659504
1.909390201681781 0.4573758816869802
1.9107864650833764 0.4396284645058114
1.9121827284849717 0.42233453055574083
1.913578991886567 0.40553099532431053
1.9149752552881625 0.3892442055734035
1.9163715186897579 0.37340846948843287
1.9177677820913532 0.35804502646460673
1.9191640454929486 0.34307286208382
1.920560308894544 0.3285367826419275
1.9219565722961394 0.3144307737373347
1.9233528356977347 0.3007138939876
1.9247490990993301 0.28739082221694523
1.9261453625009255 0.2744738195720125
1.9275416259025209 0.2620121301766993
1.9289378893041162 0.24991401705381514
1.9303341527057116 0.23814497219527364
1.931730416107307 0.2267698882645241
1.9331266795089024 0.21579655890858085
1.9345229429104978 0.20526161127171702
1.9359192063120931 0.1951143269344773
1.9373154697136885 0.18530028925957412
1.9387117331152839 0.17585931088685472
1.9401079965168793 0.16680008097047844
1.9415042599184746 0.1581134102272091
1.94290052332007 0.1498111331090544
1.9442967867216654 0.14188350516932688
1.9456930501232608 0.13430571253982143
1.9470893135248561 0.12696819278646407
1.9484855769264515 0.11989097004498943
1.949881840328047 0.11309759660258502
1.9512781037296423 0.10658833683098161
1.9526743671312377 0.1003706186002
1.954070630532833 0.09434056625112444
1.9554668939344284 0.08851061273585388
1.9568631573360238 0.0829241593858586
1.9582594207376192 0.0775860654660441
1.9596556841392145 0.07251848263999092
1.96105194754081 0.06762910660905991
1.9624482109424053 0.06292901010412687
1.9638444743440007 0.05847142226115288
1.965240737745596 0.054230642902580145
1.9666370011471914 0.05022245131592113
1.9680332645487868 0.04641546434844666
1.9694295279503822 0.04284711022346132
1.9708257913519776 0.039503291603263845
1.972222054753573 0.03633506068364543
1.9736183181551683 0.03333909194828485
1.9750145815567637 0.030480158583141872
1.976410844958359 0.02776229506807525
1.9778071083599544 0.02521023414711795
1.9792033717615498 0.022817375096226993
1.9805996351631452 0.020584762812595154
1.9819958985647406 0.0185056179577127
1.983392161966336 0.016599165131261095
1.9847884253679313 0.014825445178937496
1.9861846887695267 0.013163379256211008
1.987580952171122 0.011580244832458945
1.9889772155727174 0.010115647767881444
1.9903734789743128 0.008760325478186412
1.9917697423759082 0.007521040424605162
1.9931660057775036 0.006415626096170342
1.994562269179099 0.005385919949910584
1.9959585325806943 0.0044393895001098955
1.9973547959822897 0.003563728507779734
1.998751059383885 0.0027999294927282753
2.0001473227854802 0.002137705500275891
2.0015435861870756 0.0015913282903884586
2.002939849588671 0.0011419235107397517
2.0043361129902664 0.0007857999017623781
2.0057323763918617 0.0005031402631719168
2.007128639793457 0.0002607309651121738
2.0085249031950525 8.090906162683243e-05
2.009921166596648 0.0
2.0113174299982433 1.8899380440075435e-05
2.0127136933998386 0.00011834218862731982
2.014109956801434 0.0003213403023170921
2.0155062202030294 0.0006078751082812868
2.0169024836046248 0.0009754324815827746
2.01829874700622 0.0014337976625124324
2.0196950104078155 0.0019935717927488045
2.021091273809411 0.002653546533477712
2.0224875372110063 0.0034177969993693406
2.0238838006126016 0.004292823478612433
2.025280064014197 0.005265893515427247
2.0266763274157924 0.006283841762466785
2.0280725908173878 0.007392503992642659
2.029468854218983 0.008609623652403546
2.0308651176205785 0.009894765662498549
2.032261381022174 0.011270430779306234
2.0336576444237693 0.01274546853319281
2.0350539078253647 0.014330298705822071
2.03645017122696 0.01602034576126852
2.0378464346285554 0.01780094043106555
2.039242698030151 0.01968975438836792
2.040638961431746 0.021664735375583513
2.0420352248333415 0.023747248108502754
2.043431488234937 0.025937912886260413
2.0448277516365323 0.028202035287668802
2.0462240150381277 0.030545304315502633
2.047620278439723 0.032957060153936873
2.0490165418413184 0.03548127040814578
2.050412805242914 0.038116684974591364
2.051809068644509 0.04087940334473698
2.0532053320461046 0.04375176292537604
2.0546015954477 0.04674804962787723
2.0559978588492953 0.04983812064885998
2.0573941222508907 0.05305747914183591
2.058790385652486 0.05642269892646524
2.0601866490540814 0.05990435576517676
2.061582912455677 0.06349644660970762
2.062979175857272 0.06724265608698192
2.0643754392588676 0.07111028327016396
2.065771702660463 0.07504343385756612
2.0671679660620583 0.0790746346767508
2.0685642294636537 0.08323026639031483
2.069960492865249 0.08748888653099607
2.0713567562668445 0.09189783254478817
2.07275301966844 0.09644288113011487
2.074149283070035 0.10107897426430693
2.0755455464716306 0.10582711323910379
2.076941809873226 0.1107136134847958
2.0783380732748213 0.11573804025286194
2.0797343366764167 0.12090939112686336
2.081130600078012 0.12623946711346606
2.0825268634796075 0.1317627936792399
2.083923126881203 0.1374673569392141
2.0853193902827982 0.1433423755734787
2.0867156536843936 0.14940396967613886
2.088111917085989 0.1556253557574061
2.0895081804875844 0.1619915988046351
2.0909044438891797 0.16849563525053793
2.092300707290775 0.17513321508916724
2.0936969706923705 0.18192324686927402
2.095093234093966 0.1888922590554467
2.0964894974955612 0.19605011292327662
2.0978857608971566 0.2033899948042798
2.099282024298752 0.21089444673237354
2.1006782877003474 0.21861539975413619
2.1020745511019427 0.22655045734996881
2.103470814503538 0.23465546679057211
2.1048670779051335 0.2429478173783851
2.106263341306729 0.25144735188983425
2.1076596047083243 0.26012016378786246
2.1090558681099196 0.26887776773678473
2.110452131511515 0.27782649241612534
2.1118483949131104 0.2869523203231072
2.1132446583147058 0.29626258728939797
2.114640921716301 0.30574365266427955
2.1160371851178965 0.3153745145303816
2.117433448519492 0.3251547528272835
2.1188297119210873 0.33509768901882037
2.1202259753226826 0.34517016891346236
2.121622238724278 0.3554573301310172
2.1230185021258734 0.3659169681870024
2.1244147655274688 0.3765564509434826
2.125811028929064 0.3873397859320309
2.1272072923306595 0.3982464414271912
2.128603555732255 0.4093072108985266
2.1299998191338503 0.420515460431823
2.1313960825354457 0.4318218730896979
2.132792345937041 0.44325036604050505
2.1341886093386364 0.45478490406489036
2.135584872740232 0.4664768078681666
2.136981136141827 0.4782457765652761
2.1383773995434225 0.49012496454208154
2.139773662945018 0.5021048825584673
2.1411699263466133 0.5142190475436815
2.1425661897482087 0.5264557280889229
2.143962453149804 0.5388059058393061
2.1453587165513994 0.5512352888987117
2.146754979952995 0.5637796050024235
2.14815124335459 0.5764829963267277
2.1495475067561856 0.5892678709759878
2.150943770157781 0.6021455240812548
2.1523400335593763 0.6151056127871559
2.1537362969609717 0.6281879601538991
2.155132560362567 0.6413940248862403
2.1565288237641624 0.6546529868186208
2.157925087165758 0.6680057354338377
2.159321350567353 0.6814471133538488
2.1607176139689486 0.694933037421651
2.162113877370544 0.7084171340733662
2.1635101407721393 0.7219534200612532
2.1649064041737347 0.7355706481696169
2.16630266757533 0.7492416618038469
2.1676989309769255 0.7629637231150745
2.169095194378521 0.7767501014882382
2.170491457780116 0.7905770512288087
2.1718877211817116 0.8044882518125336
2.173283984583307 0.8184510213990592
2.1746802479849023 0.832502393602394
2.1760765113864977 0.8466025431924712
2.177472774788093 0.8607536905158912
2.1788690381896885 0.8749764982513809
2.180265301591284 0.8892511547418399
2.181661564992879 0.9035877755538505
2.1830578283944746 0.9179863475390025
2.18445409179607 0.932449509841888
2.1858503551976654 0.9469746809661084
2.1872466185992607 0.9615536356206159
2.188642882000856 0.9762019672803187
2.1900391454024515 0.9909109125583347
2.191435408804047 1.0056996437733718
2.1928316722056422 1.0205529148663572
2.1942279356072376 1.0354797655585906
2.195624199008833 1.050496140493487
2.1970204624104284 1.0656065369291274
2.1984167258120237 1.0808145917749186
2.199812989213619 1.0960519359153469
2.2012092526152145 1.1113034641565591
2.20260551601681 1.1266733255684023
2.2040017794184052 1.1421544007101214
2.2053980428200006 1.1576409705873947
2.206794306221596 1.1731871816715
2.2081905696231914 1.1888305533585914
2.2095868330247868 1.2045776537466817
2.210983096426382 1.22043797288365
2.2123793598279775 1.236392153951642
2.213775623229573 1.2524865783050192
2.2151718866311683 1.2686834359725476
2.2165681500327636 1.2849914782554974
2.217964413434359 1.3014037238921015
2.2193606768359544 1.3179436609475972
2.2207569402375498 1.3345772762599337
2.222153203639145 1.3513605771496173
2.2235494670407405 1.3683084576388844
2.224945730442336 1.3854014578329001
2.2263419938439313 1.4026488368557084
2.2277382572455267 1.4200630399399508
2.229134520647122 1.4376686284556914
2.2305307840487174 1.4554224355604808
2.231927047450313 1.4733522253319655
2.233323310851908 1.4914585838805183
2.2347195742535035 1.5097796333567282
2.236115837655099 1.5282910046727693
2.2375121010566943 1.5470287171537909
2.2389083644582897 1.5660220804446725
2.240304627859885 1.5852215887987033
2.2417008912614804 1.60467381925923
2.243097154663076 1.624412214865061
2.244493418064671 1.644397213451929
2.2458896814662666 1.6646756649850634
2.247285944867862 1.6852178725452363
2.2486822082694573 1.7059762779540295
2.2500784716710527 1.7269807551174656
2.251474735072648 1.7482519146723554
2.2528709984742434 1.769739261124731
2.254267261875839 1.791509208370205
2.255663525277434 1.8134571264815664
2.2570597886790296 1.8356925415437508
2.258456052080625 1.8582093381362568
2.2598523154822203 1.880983135694811
2.2612485788838157 1.904017770817006
2.262644842285411 1.9273491398516833
2.2640411056870064 1.9510134309205511
2.265437369088602 1.9750221848047722
2.266833632490197 1.9993384844985798
2.2682298958917926 2.023931376278613
2.269626159293388 2.0488289281641703
2.2710224226949833 2.074070721026166
2.2724186860965787 2.099602617978776
2.273814949498174 2.125466827403354
2.2752112128997695 2.1516875707684644
2.276607476301365 2.178256950646227
2.27800373970296 2.2051418645764267
2.2794000031045556 2.232286648216639
2.280796266506151 2.2597549034438154
2.2821925299077463 2.28754884882896
2.2835887933093417 2.3156476252626796
2.284985056710937 2.3440322634377004
2.2863813201125325 2.3726208227018333
2.287777583514128 2.401469774284536
2.2891738469157232 2.43059425484608
2.2905701103173186 2.4599862188718324
2.291966373718914 2.4896859062037353
2.2933626371205094 2.519697818289057
2.2947589005221047 2.5500117754036076
2.2961551639237 2.580648516595873
2.2975514273252955 2.611587454364639
2.298947690726891 2.6428231879976325
2.3003439541284862 2.6743158308417505
2.3017402175300816 2.706031956255038
2.303136480931677 2.7379798866614196
2.3045327443332724 2.7701472236256306
2.3059290077348678 2.8025408636823936
2.307325271136463 2.8351380614387804
2.3087215345380585 2.86790141252711
2.310117797939654 2.9008067857988804
2.3115140613412493 2.9338849483830334
2.3129103247428446 2.9671151318458353
2.31430658814444 3.0005041493080133
2.3157028515460354 3.0340429029955684
2.3170991149476308 3.0676950387716473
2.318495378349226 3.101483857534042
2.3198916417508215 3.135362417460868
2.321287905152417 3.1693399064653858
2.3226841685540123 3.203303853798957
2.3240804319556077 3.237279232596297
2.325476695357203 3.2712985485048987
2.3268729587587984 3.3053272668941194
2.328269222160394 3.339373980284796
2.329665485561989 3.37343401741905
2.3310617489635845 3.407531249571564
2.33245801236518 3.4416070234435856
2.3338542757667753 3.475625201953552
2.3352505391683707 3.5095464772363925
2.336646802569966 3.543391320370281
2.3380430659715614 3.5771326602843034
2.339439329373157 3.6107519573436586
2.340835592774752 3.6441922423611945
2.3422318561763475 3.6774310210053875
2.343628119577943 3.7104542603281905
2.3450243829795383 3.7432596627814885
2.3464206463811337 3.7758470393071955
2.347816909782729 3.8081400242263697
2.3492131731843244 3.840178458175274
2.35060943658592 3.8719297643964135
2.352005699987515 3.9033862681111113
2.3534019633891106 3.9344999807766547
2.354798226790706 3.9652807360769153
