-0.2617993877991494 1.7225684082387431
-0.2607521902479528 1.7216867782806844
-0.25970499269675623 1.7204843632351015
-0.25865779514555964 1.7184278979584349
-0.25761059759436306 1.716220308927916
-0.25656340004316647 1.7136436216984237
-0.2555162024919699 1.7109139003037512
-0.2544690049407733 1.7080059734886675
-0.2534218073895767 1.7050664138709806
-0.2523746098383801 1.7016421442168337
-0.2513274122871835 1.6979664068506395
-0.25028021473598694 1.694058919652008
-0.24923301718479035 1.689746653839478
-0.24818581963359376 1.6852136388523604
-0.24713862208239717 1.6803394725621388
-0.2460914245312006 1.6752681947491794
-0.245044226980004 1.6699520712919025
-0.2439970294288074 1.664487294809021
-0.24294983187761082 1.6585628488654436
-0.24190263432641423 1.6525233142502316
-0.24085543677521765 1.6464355287211276
-0.23980823922402106 1.6398196641376614
-0.23876104167282447 1.633279573542552
-0.23771384412162788 1.6267910860021573
-0.2366666465704313 1.6204209044748552
-0.2356194490192347 1.6141209255197282
-0.23457225146803812 1.6074331745211055
-0.23352505391684153 1.6006813700304292
-0.23247785636564494 1.5938168599779772
-0.23143065881444835 1.5866978839231365
-0.23038346126325177 1.5795127518828167
-0.22933626371205518 1.5724288263908477
-0.2282890661608586 1.5653154815943537
-0.227241868609662 1.5583660149193008
-0.2261946710584654 1.5511839233827232
-0.22514747350726882 1.5439028023749017
-0.22410027595607224 1.5366335783374439
-0.22305307840487565 1.529143344992292
-0.22200588085367906 1.5218084707903756
-0.22095868330248247 1.5145658671783053
-0.21991148575128588 1.507447794438633
-0.2188642882000893 1.5002777991950325
-0.2178170906488927 1.4926447496952733
-0.21676989309769612 1.4843416587515321
-0.21572269554649953 1.4758180492452766
-0.21467549799530294 1.4668939212347425
-0.21362830044410636 1.4575774277097366
-0.21258110289290977 1.448403940415318
-0.21153390534171318 1.4390816214510096
-0.2104867077905166 1.4296098506778492
-0.20943951023932 1.4198179305342933
-0.20839231268812342 1.4096472273685947
-0.20734511513692683 1.399488356424797
-0.20629791758573024 1.3896857005578624
-0.20525072003453365 1.379978687476381
-0.20420352248333706 1.3705046859500385
-0.20315632493214048 1.361117635250821
-0.2021091273809439 1.3518159821492475
-0.2010619298297473 1.3422973002861909
-0.2000147322785507 1.332842912482306
-0.19896753472735412 1.3231483896837801
-0.19792033717615753 1.3129284484265042
-0.19687313962496095 1.3024638876072459
-0.19582594207376436 1.292128217211939
-0.19477874452256777 1.2815445817651323
-0.19373154697137118 1.2707977458597952
-0.1926843494201746 1.2601238668925134
-0.191637151868978 1.2494205391005835
-0.19058995431778142 1.2387337555278748
-0.18954275676658483 1.2279458148596234
-0.18849555921538824 1.2173616682229351
-0.18744836166419165 1.2067073170432536
-0.18640116411299507 1.1960231458099315
-0.18535396656179848 1.184800768995359
-0.1843067690106019 1.173699493432423
-0.1832595714594053 1.162469977734787
-0.1822123739082087 1.1512487951816865
-0.18116517635701213 1.1399534063488943
-0.18011797880581554 1.1285668375344073
-0.17907078125461895 1.1171265696078763
-0.17802358370342236 1.1056156431545219
-0.17697638615222577 1.0939834271252664
-0.17592918860102918 1.082460157970786
-0.1748819910498326 1.0710660859097914
-0.173834793498636 1.0599539975904975
-0.17278759594743942 1.048954689128749
-0.17174039839624283 1.0381772988059197
-0.17069320084504624 1.0275267396422123
-0.16964600329384966 1.0171935645990686
-0.16859880574265307 1.0068257386656967
-0.16755160819145648 0.9964114622933096
-0.1665044106402599 0.9860810811423448
-0.1654572130890633 0.9757465605930236
-0.16441001553786672 0.9653111925544806
-0.16336281798667013 0.9547137892149635
-0.16231562043547354 0.9442013362688613
-0.16126842288427695 0.93383282248314
-0.16022122533308036 0.9224825852282095
-0.15917402778188378 0.9109570360811574
-0.1581268302306872 0.899316048767588
-0.1570796326794906 0.8877060562593613
-0.156032435128294 0.8762015731402357
-0.15498523757709742 0.8649160014593917
-0.15393804002590084 0.8534409462438362
-0.15289084247470425 0.8422095369839155
-0.15184364492350766 0.8309296282469347
-0.15079644737231107 0.8196354366054379
-0.14974924982111448 0.8082999928391814
-0.1487020522699179 0.7970801846514064
-0.1476548547187213 0.7861295515826896
-0.14660765716752472 0.7756702152605044
-0.14556045961632813 0.7652592426334195
-0.14451326206513154 0.7545649401539265
-0.14346606451393495 0.7440432896858908
-0.14241886696273837 0.7338854704981941
-0.14137166941154178 0.7238314346032837
-0.1403244718603452 0.7139735210886045
-0.1392772743091486 0.7041087792417215
-0.13823007675795201 0.694347118512809
-0.13718287920675543 0.684487310934685
-0.13613568165555884 0.6741979354745808
-0.13508848410436225 0.6639353945473658
-0.13404128655316566 0.653811003320925
-0.13299408900196907 0.6438264411522425
-0.13194689145077249 0.6339372536967858
-0.1308996938995759 0.6238125762712059
-0.1298524963483793 0.6139962686304443
-0.12880529879718272 0.6043476784048494
-0.12775810124598613 0.5949826183922937
-0.12671090369478955 0.5859574197519919
-0.12566370614359296 0.5771730133359085
-0.12461650859239637 0.5687686059754071
-0.12356931104119978 0.5606082159686991
-0.12252211349000319 0.5525622257838734
-0.1214749159388066 0.5444628858464853
-0.12042771838761002 0.5362989956778677
-0.11938052083641343 0.5281065434908498
-0.11833332328521684 0.5198443546728413
-0.11728612573402025 0.5119225418911242
-0.11623892818282366 0.5041571245156149
-0.11519173063162708 0.4967225932064139
-0.11414453308043049 0.4895538909973993
-0.1130973355292339 0.4825416633186137
-0.11205013797803731 0.47561907348188015
-0.11100294042684072 0.4687629833472329
-0.10995574287564414 0.4618616361298393
-0.10890854532444755 0.4547701680867533
-0.10786134777325096 0.4476080936868243
-0.10681415022205437 0.44047192701540894
-0.10576695267085778 0.43356874454849503
-0.1047197551196612 0.4268914305937983
-0.10367255756846461 0.4203622571945971
-0.10262536001726802 0.41417131991258316
-0.10157816246607143 0.40798351864827964
-0.10053096491487484 0.40198331311538027
-0.09948376736367825 0.3961815421969277
-0.09843656981248167 0.39051094569603606
-0.09738937226128508 0.38496868664867634
-0.09634217471008849 0.37929517298869087
-0.0952949771588919 0.3737267986961115
-0.09424777960769531 0.36841552688690626
-0.09320058205649873 0.3631321405357255
-0.09215338450530214 0.3573359290502651
-0.09110618695410555 0.35142959609163427
-0.09005898940290896 0.34577882489801937
-0.08901179185171237 0.3400984602704398
-0.08796459430051579 0.33444522285066114
-0.0869173967493192 0.3284589131180553
-0.08587019919812261 0.32264250854117904
-0.08482300164692602 0.3168354444442514
-0.08377580409572943 0.3113085731939975
-0.08272860654453285 0.3057973351542955
-0.08168140899333626 0.30036165714605545
-0.08063421144213967 0.2946930022845038
-0.07958701389094308 0.2889448536663508
-0.0785398163397465 0.2833690226329395
-0.0774926187885499 0.2778674483654413
-0.07644542123735332 0.27233866700930776
-0.07539822368615673 0.2664731335255226
-0.07435102613496014 0.26019978424619694
-0.07330382858376355 0.2541429878729673
-0.07225663103256696 0.24778833254367783
-0.07120943348137038 0.24152151989994763
-0.07016223593017379 0.23517894235592962
-0.0691150383789772 0.228860615330575
-0.06806784082778061 0.22248421206197122
-0.06702064327658402 0.21635351299369177
-0.06597344572538744 0.21032306005082546
-0.06492624817419085 0.20419419450027476
-0.06387905062299426 0.1981850349959302
-0.06283185307179767 0.192082581495697
-0.061784655520601084 0.18609182589253237
-0.060737457969404496 0.18018961760679986
-0.05969026041820791 0.17450014261393676
-0.05864306286701132 0.16893056081684676
-0.05759586531581473 0.16331697625699348
-0.056548667764618143 0.15788281502142354
-0.055501470213421555 0.15270183833641227
-0.05445427266222497 0.14766429012081517
-0.05340707511102838 0.1423690472407202
-0.05235987755983179 0.13701183742443845
-0.0513126800086352 0.1319568875369157
-0.050265482457438615 0.1270197285768404
-0.04921828490624203 0.12240971827915814
-0.04817108735504544 0.1180629790040939
-0.04712388980384885 0.11367121426604854
-0.04607669225265226 0.10933162509113004
-0.045029494701455675 0.10497994566779312
-0.043982297150259086 0.10073667504713057
-0.0429350995990625 0.09688316046211298
-0.04188790204786591 0.0933938864692152
-0.04084070449666932 0.090090469636948
-0.039793506945472734 0.0867123196230466
-0.038746309394276146 0.0833641264796654
-0.03769911184307956 0.080228482637267
-0.03665191429188297 0.07725060733289979
-0.03560471674068638 0.07436007695440594
-0.034557519189489794 0.0718038543144246
-0.033510321638293206 0.06941338561139787
-0.03246312408709662 0.06693853777375125
-0.03141592653590003 0.06462985325316595
-0.03036872898470344 0.06225196396275123
-0.029321531433506853 0.06008977093227941
-0.028274333882310265 0.05756938710999293
-0.027227136331113677 0.05522309287164262
-0.02617993877991709 0.05325111257903359
-0.0251327412287205 0.0511254402608472
-0.024085543677523913 0.04859116045366818
-0.023038346126327325 0.04623892992745482
-0.021991148575130737 0.04412549578879066
-0.02094395102393415 0.04168355007897162
-0.01989675347273756 0.0391748526663207
-0.018849555921540972 0.03647093359097653
-0.017802358370344384 0.03387644382371491
-0.016755160819147796 0.03147494753440583
-0.015707963267951208 0.029161456117378748
-0.01466076571675462 0.02696710162894078
-0.013613568165558032 0.024786872798614468
-0.012566370614361444 0.022819889918991976
-0.011519173063164856 0.020903835189528763
-0.010471975511968268 0.018838697375969105
-0.00942477796077168 0.016460423977065375
-0.008377580409575092 0.014134906947077752
-0.0073303828583785036 0.011860423964378697
-0.0062831853071819155 0.009904485898118764
-0.005235987755985327 0.00826869202919056
-0.004188790204788739 0.006930369659329472
-0.0031415926535921512 0.005763674258702167
-0.002094395102395563 0.004741784019216766
-0.001047197551198975 0.004016754277358814
-2.3869795029440866e-15 0.003297907370779285
0.001047197551194201 0.002800427955634177
0.002094395102390789 0.0025617469761129996
0.0031415926535873773 0.001985082219164269
0.004188790204783965 0.0012880721134536088
0.0052359877559805534 0.0007337903078052932
0.0062831853071771415 0.000284506040117094
0.00733038285837373 4.050169849278973e-06
0.008377580409570318 0.0
0.009424777960766906 0.0001797527220048778
0.010471975511963494 0.00022537058478633298
0.011519173063160082 0.0003633653701911044
0.01256637061435667 0.00042818512594067215
0.013613568165553258 0.0003568090725991624
0.014660765716749846 0.0004188489719751942
0.015707963267946434 0.0007586985568366345
0.016755160819143022 0.0014833531598696936
0.01780235837033961 0.0023311518733066805
0.0188495559215362 0.003472371731078283
0.019896753472732787 0.004720433444816763
0.020943951023929375 0.005696452875582736
0.021991148575125963 0.006510023341036231
0.02303834612632255 0.007483071510563377
0.02408554367751914 0.008707973622534837
0.025132741228715727 0.010061289734210277
0.026179938779912315 0.011488174882998692
0.027227136331108903 0.012967726514801825
0.02827433388230549 0.014527557206150732
0.02932153143350208 0.01641783596741675
0.030368728984698667 0.018329212029357222
0.031415926535895256 0.020163485866646624
0.032463124087091844 0.02205231008488795
0.03351032163828843 0.024306318219629475
0.03455751918948502 0.026857096769987265
0.03560471674068161 0.02963117234125434
0.036651914291878196 0.03264546237332411
0.037699111843074784 0.03568912978346361
0.03874630939427137 0.038888691423352384
0.03979350694546796 0.0420915777682751
0.04084070449666455 0.045559042961599516
0.041887902047861136 0.04916673291356233
0.042935099599057724 0.05314237718587833
0.04398229715025431 0.05747593297448361
0.0450294947014509 0.061717655827834506
0.04607669225264749 0.06605811643208881
0.04712388980384408 0.07043624389632441
0.048171087355040665 0.07512453437442446
0.04921828490623725 0.08015393152504657
0.05026548245743384 0.08491001314556001
0.05131268000863043 0.08947015064785546
0.05235987755982702 0.09390462235225527
0.053407075111023605 0.09850431868707687
0.05445427266222019 0.10301152184086959
0.05550147021341678 0.10759062772572747
0.05654866776461337 0.11220073273000253
0.05759586531580996 0.11692549994637602
0.058643062867006546 0.12175142589089205
0.059690260418203134 0.12635740337134393
0.06073745796939972 0.13069952835707
0.06178465552059631 0.1349051621508579
0.0628318530717929 0.1389132599116749
0.06387905062298949 0.14328755367216672
0.06492624817418607 0.14784308766229515
0.06597344572538266 0.15258247437421346
0.06702064327657925 0.15731285643738602
0.06806784082777584 0.1620814887866402
0.06911503837897243 0.16681469173295227
0.07016223593016901 0.1716699515469884
0.0712094334813656 0.17666231123013176
0.07225663103256219 0.18183585704019833
0.07330382858375878 0.1870398338141399
0.07435102613495537 0.19244363962258149
0.07539822368615196 0.1981319233414922
0.07644542123734854 0.20408402097430667
0.07749261878854513 0.2102171049276933
0.07853981633974172 0.21634249770437464
0.07958701389093831 0.2227527929309474
0.0806342114421349 0.229461812991417
0.08168140899333148 0.23631853609887798
0.08272860654452807 0.2433165953510752
0.08377580409572466 0.2505434051380462
0.08482300164692125 0.25785707355200316
0.08587019919811784 0.2652802389755209
0.08691739674931442 0.27268400577403895
0.08796459430051101 0.28012628204606926
0.0890117918517076 0.2878171251566357
0.09005898940290419 0.29564502785436275
0.09110618695410078 0.30381139626257436
0.09215338450529736 0.311997519168159
0.09320058205649395 0.32024549083192255
0.09424777960769054 0.32844132360185085
0.09529497715888713 0.33637182128742893
0.09634217471008372 0.3436953246252017
0.0973893722612803 0.35126535509181167
0.09843656981247689 0.3590710217137314
0.09948376736367348 0.3671010445869456
0.10053096491487007 0.37519557204112175
0.10157816246606666 0.3835493959482221
0.10262536001726325 0.3920466047723039
0.10367255756845983 0.40059918224639546
0.10471975511965642 0.4094193436843909
0.10576695267085301 0.4183082086241541
0.1068141502220496 0.42732404512733524
0.10786134777324619 0.43634733033243833
0.10890854532444277 0.4453731571960873
0.10995574287563936 0.4542907073353035
0.11100294042683595 0.46306854685531107
0.11205013797803254 0.47191763445928814
0.11309733552922913 0.4808422369257528
0.11414453308042571 0.4901099035360801
0.1151917306316223 0.49959384380375127
0.11623892818281889 0.5093029040302781
0.11728612573401548 0.5189934782874843
0.11833332328521207 0.528918822461975
0.11938052083640865 0.539278444047369
0.12042771838760524 0.5498109284840211
0.12147491593880183 0.5607205648910281
0.12252211348999842 0.5718243470568041
0.123569311041195 0.5828427866079551
0.1246165085923916 0.5937736582537525
0.12566370614358818 0.6051249897765274
0.12671090369478477 0.6168858126299313
0.12775810124598136 0.6285820682475673
0.12880529879717795 0.6403489358784498
0.12985249634837454 0.652199118723729
0.13089969389957112 0.6640477005167895
0.1319468914507677 0.6761385350653768
0.1329940890019643 0.6882460436703752
0.1340412865531609 0.7007178539710708
0.13508848410435748 0.7132509020393059
0.13613568165555406 0.7255633505273806
0.13718287920675065 0.7382110347224113
0.13823007675794724 0.750949178509444
0.13927727430914383 0.763957877536825
0.14032447186034042 0.7766810078104527
0.141371669411537 0.7891531468751509
0.1424188669627336 0.8011630793824054
0.14346606451393018 0.8132285250685811
0.14451326206512677 0.8254201637486176
0.14556045961632336 0.8378272436390262
0.14660765716751994 0.8502409857650832
0.14765485471871653 0.8620140207616771
0.14870205226991312 0.8732150252396877
0.1497492498211097 0.8843964596173066
0.1507964473723063 0.8958264764409023
0.15184364492350289 0.907546237532415
0.15289084247469947 0.9193598018160571
0.15393804002589606 0.931326853904693
0.15498523757709265 0.9434605939642893
0.15603243512828924 0.9555444240330928
0.15707963267948583 0.9673794396920812
0.1581268302306824 0.9793879488543098
0.159174027781879 0.9915561543710396
0.1602212253330756 1.0040243603692147
0.16126842288427218 1.0167762523150543
0.16231562043546877 1.0296620453497098
0.16336281798666535 1.0427992920914164
0.16441001553786194 1.0560220051278861
0.16545721308905853 1.0691896703000054
0.16650441064025512 1.0819337171635368
0.1675516081914517 1.0947592574557063
0.1685988057426483 1.1075921414506809
0.16964600329384488 1.1206648240728327
0.17069320084504147 1.1338989400834407
0.17174039839623806 1.1471881746731185
0.17278759594743465 1.1607651197455482
0.17383479349863123 1.1742525432459558
0.17488199104982782 1.1877794219834072
0.1759291886010244 1.200929461087867
0.176976386152221 1.213918395326175
0.1780235837034176 1.2270025520260788
0.17907078125461418 1.2401756683773613
0.18011797880581076 1.253252134036586
0.18116517635700735 1.2663058735672053
0.18221237390820394 1.2791951956259595
0.18325957145940053 1.2917271159724066
0.18430676901059712 1.3037335180458172
0.1853539665617937 1.3156088366610277
0.1864011641129903 1.3270244601484649
0.18744836166418688 1.3377460812706943
0.18849555921538347 1.3484824586178945
0.18954275676658006 1.3593399431560158
0.19058995431777664 1.3699467614129333
0.19163715186897323 1.3804207802515407
0.19268434942016982 1.3908556189036574
0.1937315469713664 1.4009985800939546
0.194778744522563 1.4110938375598039
0.19582594207375958 1.4208310860182678
0.19687313962495617 1.4305373057760846
0.19792033717615276 1.4401531979892184
0.19896753472734935 1.449664614592109
0.20001473227854594 1.45903826754369
0.20106192982974253 1.4681426261167587
0.2021091273809391 1.4770713845060754
0.2031563249321357 1.486073546751129
0.2042035224833323 1.4951048760945014
0.20525072003452888 1.5041275242542156
0.20629791758572547 1.5129503529218198
0.20734511513692205 1.5218418587382416
0.20839231268811864 1.5306665522712422
0.20943951023931523 1.5393739916367508
0.21048670779051182 1.547976668054389
0.2115339053417084 1.5563140074267778
0.212581102892905 1.5642930559986041
0.21362830044410158 1.5720162043318169
0.21467549799529817 1.5795995620170231
0.21572269554649476 1.5871236093690868
0.21676989309769135 1.5946648941176136
0.21781709064888793 1.6019495709381886
0.21886428820008452 1.6090630398075803
0.2199114857512811 1.6159417546566885
0.2209586833024777 1.6227768090864743
0.2220058808536743 1.6294447565089172
0.22305307840487087 1.6355963702911538
0.22410027595606746 1.6414822648591496
0.22514747350726405 1.6472402188152273
0.22619467105846064 1.652859218732658
0.22724186860965723 1.6583146984136476
0.22828906616085382 1.6634713901836733
0.2293362637120504 1.668637327712787
0.230383461263247 1.6735725289086076
0.23143065881444358 1.6784008734043425
0.23247785636564017 1.6830955578539317
0.23352505391683676 1.6876534093551356
0.23457225146803334 1.6916342026251812
0.23561944901922993 1.69482082561521
0.23666664657042652 1.6974736090629392
0.2377138441216231 1.6999339447739885
0.2387610416728197 1.7024710404462553
0.23980823922401634 1.705076407167752
0.24085543677521287 1.7077166597090638
0.2419026343264094 1.7100563086933107
0.24294983187760605 1.7122713189291972
0.2439970294288027 1.7141986779897707
0.24504422697999922 1.716043401127564
0.24609142453119576 1.7179909902469603
0.2471386220823924 1.719830972470703
0.24818581963358904 1.7212387656043973
0.24923301718478558 1.7224818786002345
0.2502802147359821 1.7234272079399489
0.25132741228717875 1.7239793661209717
0.2523746098383754 1.7242718220835513
0.25342180738957193 1.7244430668149846
0.25446900494076846 1.7243930504328375
0.2555162024919651 1.724159605862127
0.25656340004316175 1.723825765573423
0.2576105975943583 1.723474980871714
0.2586577951455548 1.723171374073587
0.25970499269675146 1.7229011740790554
0.2607521902479481 1.7225684082387431
