0.0 11.961113459070873
0.012 9.971278559794825
0.024 14.223696693468511
0.036000000000000004 17.53570884103108
0.048 18.09410512990219
0.06 17.64664931614287
0.07200000000000001 17.402098530176403
0.084 17.14561509237869
0.096 16.595366304358308
0.108 15.96582510933574
0.12 15.477237610172665
0.132 15.060733305180435
0.14400000000000002 14.558200176048587
0.156 13.930299979754594
0.168 13.238449649310425
0.18 12.537427321206835
0.192 11.829275222899895
0.20400000000000001 11.094534300304602
0.216 10.335778619246668
0.228 9.578825318138044
0.24 8.845815363718572
0.252 8.144889535137565
0.264 7.471825856965552
0.276 6.805757954329167
0.28800000000000003 6.12768876274572
0.3 5.45206491321315
0.312 4.808114059972382
0.324 4.201576626173107
0.336 3.6322196484698566
0.34800000000000003 3.114751096775791
0.36 2.6473060077209993
0.372 2.2066029869645263
0.384 1.7953493951258963
0.396 1.4412076067698933
0.40800000000000003 1.141566034857135
0.42 0.8641148585704173
0.432 0.6030769592118475
0.444 0.3836707042497096
0.456 0.216782267731503
0.468 0.09527253142636027
0.48 0.021092795653885332
0.492 0.0
0.504 0.028068358096874135
0.516 0.10140481496463849
0.528 0.22044839227993407
0.54 0.3838180758020826
0.552 0.5917457067386351
0.5640000000000001 0.8468523062642817
0.5760000000000001 1.1440687261307119
0.588 1.4728117932846203
0.6 1.8316735705882081
0.612 2.22035690948357
0.624 2.61426961646859
0.636 2.977201482333328
0.648 3.3040110466344004
0.66 3.616183723726664
0.672 3.9188983512432003
0.684 4.2049904141210845
0.6960000000000001 4.487564912614914
0.708 4.781166560097489
0.72 5.06972853269113
0.732 5.334115466333799
0.744 5.587500773280283
0.756 5.852314496989095
0.768 6.126485591616202
0.78 6.395316359800802
0.792 6.656640037518827
0.804 6.917072229651453
0.8160000000000001 7.179172960221166
0.8280000000000001 7.448029165590398
0.84 7.739209947115015
0.852 8.06711048020182
0.864 8.434734773307156
0.876 8.840364416247098
0.888 9.280432679055991
0.9 9.746282345976084
0.912 10.229937988670542
0.924 10.721058804176025
0.936 11.194507784924284
0.9480000000000001 11.62985040788864
0.96 12.044000909504646
0.972 12.4713182188448
0.984 12.915266297578995
0.996 13.349708874807305
1.008 13.757759448008429
1.02 14.13849445668815
1.032 14.483097036839752
1.044 14.776551106735226
1.056 15.027300880663603
1.068 15.270797931952941
1.08 15.532194779800676
1.092 15.801890083903103
1.104 16.057719547867563
1.116 16.29503106784172
1.1280000000000001 16.525698417611423
1.1400000000000001 16.75978470445216
1.1520000000000001 16.9953774681898
1.164 17.224224814986627
1.176 17.444912867123676
1.188 17.665250930561626
1.2 17.891650524846526
1.212 18.123865715539097
1.224 18.359072631765287
1.236 18.589256829188514
1.248 18.795299447852756
1.26 18.963163462729327
1.272 19.10909581707257
1.284 19.267454586922128
1.296 19.453757993538048
1.308 19.660875508155243
1.32 19.882169507633634
1.332 20.112496282415933
1.344 20.337928753112905
1.356 20.550550503020972
1.368 20.765733439227176
1.3800000000000001 21.007109898197882
1.3920000000000001 21.276328943217564
1.4040000000000001 21.54615377650957
1.416 21.79110247502885
1.428 22.01628920879422
1.44 22.232891114542866
1.452 22.423461266591232
1.464 22.572018223747165
1.476 22.70437672420786
1.488 22.856247226568172
1.5 23.029709598800395
1.512 23.211412049421625
1.524 23.397742390363604
1.536 23.581844054271713
1.548 23.75064219979845
1.56 23.903958952003364
1.572 24.053264301590985
1.584 24.206231556018693
1.596 24.36159002666777
1.608 24.505337047831574
1.62 24.6163321014663
1.6320000000000001 24.6934685854618
1.6440000000000001 24.76752188533993
1.6560000000000001 24.871878357553584
1.668 25.012297145013093
1.68 25.17185735122051
1.692 25.329999380189932
1.704 25.470962385426915
1.716 25.589207086950438
1.728 25.69166999324227
1.74 25.78696247479361
1.752 25.87852910106399
1.764 25.971375889681582
1.776 26.069530528577516
1.788 26.167987391461864
1.8 26.264997658521835
1.812 26.37181957471472
1.824 26.488570077510303
1.836 26.588906475848574
1.848 26.656395346155406
1.86 26.711367678767473
1.872 26.77315775827367
1.8840000000000001 26.832189201929353
1.8960000000000001 26.886671528199173
1.9080000000000001 26.961421738970813
1.92 27.069654326852074
1.932 27.200434500788774
1.944 27.345384429906574
1.956 27.49417783540008
1.968 27.619084170155503
1.98 27.70150621557734
1.992 27.7504512129114
2.004 27.778715235359797
2.016 27.794440743182648
2.028 27.812807672524002
2.04 27.840330602970383
2.052 27.862882032132333
2.064 27.87548616827017
2.076 27.899750298381704
2.088 27.950529709315504
2.1 28.009552064707677
2.112 28.054437245086163
2.124 28.09321210711836
2.136 28.143143014116646
2.148 28.19636124375937
2.16 28.23844843905755
2.172 28.275214959344183
2.184 28.311872479464057
2.196 28.342685407966243
2.208 28.379536665015635
2.22 28.441935815716718
2.232 28.51569717782577
2.244 28.573187068688227
2.2560000000000002 28.61693624211189
2.2680000000000002 28.65519283410258
2.2800000000000002 28.670520014039724
2.2920000000000003 28.652587118621895
2.3040000000000003 28.62021824958161
2.316 28.58848420888259
2.328 28.554029787193045
2.34 28.52060872411522
2.352 28.505046487099264
2.364 28.511895591972703
2.376 28.525031212694984
2.388 28.53309174155993
2.4 28.545955822178854
2.412 28.57236090355957
2.424 28.59931604851593
2.436 28.61350677338025
2.448 28.62701883806976
2.46 28.66128299390519
2.472 28.714926116278676
2.484 28.764320242060123
2.496 28.794430687266313
2.508 28.814906087382397
2.52 28.840928710745303
2.532 28.87255090221157
2.544 28.904438081543617
2.556 28.944474379864076
2.568 29.005278768357385
2.58 29.080833782708666
2.592 29.147850899615136
2.604 29.192012926803102
2.616 29.21984853840867
2.628 29.24144887264839
2.64 29.258514792281403
2.652 29.277180706943767
2.664 29.306751591133306
2.676 29.33328903747966
2.688 29.327214697166895
2.7 29.2876959509222
2.712 29.242555129511317
2.724 29.199724290003275
2.736 29.140732076920926
2.748 29.068514411581575
2.7600000000000002 29.020215112352858
2.7720000000000002 29.018172657093046
2.7840000000000003 29.03953169721423
2.7960000000000003 29.05100135318297
2.8080000000000003 29.052152403444794
2.82 29.067462713640253
2.832 29.10554376355013
2.844 29.141410888712045
2.856 29.144074550582005
2.868 29.113457993120946
2.88 29.076318531110374
2.892 29.05237169930942
2.904 29.043342009004903
2.916 29.04663175284358
2.928 29.05725516688409
2.94 29.061153227093428
2.952 29.04595258344429
2.964 29.01891580055151
2.976 29.00070779313822
2.988 29.002014927526332
3.0 29.02009098191371
3.012 29.05186571293389
3.024 29.090676144365432
3.036 29.116972790846717
3.048 29.110533653397837
3.06 29.067992193421347
3.072 29.004011169122805
3.084 28.94591315779128
3.096 28.920802614431167
3.108 28.926532570995903
3.12 28.9281057238087
3.132 28.90754516756064
3.144 28.888220869037028
3.156 28.88327415658287
3.168 28.86815021322468
3.18 28.833064575379467
3.192 28.807664405332275
3.204 28.805054314881716
3.216 28.79363851930401
3.228 28.755564695268674
3.24 28.724510616397595
3.2520000000000002 28.728397981504685
3.2640000000000002 28.742789897558723
3.2760000000000002 28.743705034133185
3.2880000000000003 28.75868609231263
3.3000000000000003 28.81576175823693
3.3120000000000003 28.88077948642092
3.3240000000000003 28.901181308094806
3.336 28.8858981552099
3.348 28.88385834679822
3.36 28.903332940446333
3.372 28.9128289022118
3.384 28.904937444498287
3.396 28.899786268789995
3.408 28.89797166594134
3.42 28.88369557389484
3.432 28.866019013476574
3.444 28.870227660560232
3.456 28.89230671451581
3.468 28.901115313204315
3.48 28.884479982568692
3.492 28.864074339787905
3.504 28.865310099813385
3.516 28.890141345243947
3.528 28.922457386998047
3.54 28.953667851072197
3.552 28.988112800215603
3.564 29.01498988001073
3.576 29.000933397473673
3.588 28.935439038882166
3.6 28.861577016185095
3.612 28.83369360707745
3.624 28.858141761817436
3.636 28.89593773509374
3.648 28.912546032311738
3.66 28.90535460548125
3.672 28.887987293410305
3.684 28.871652611588388
3.696 28.867286379292935
3.708 28.885675387070037
3.72 28.9244450348412
3.732 28.961122072897
3.744 28.964482411902537
3.7560000000000002 28.921504689541123
3.7680000000000002 28.854525931594594
3.7800000000000002 28.79753028215464
3.7920000000000003 28.76436477968086
3.8040000000000003 28.761834203586076
3.8160000000000003 28.806428240223056
3.8280000000000003 28.889042862495884
3.84 28.952106850566665
3.852 28.946233182132573
3.864 28.885653813477987
3.876 28.816434528718986
3.888 28.765241197506768
3.9 28.743149549082347
3.912 28.755929021140574
3.924 28.787617664365854
3.936 28.807668919479966
3.948 28.80716064009735
3.96 28.803399854896
3.972 28.806039664423608
3.984 28.80465230300186
3.996 28.79214071821795
4.008 28.775411399955814
4.0200000000000005 28.76212970377476
4.032 28.7567646593005
4.0440000000000005 28.766701846426344
4.056 28.79537242594219
4.0680000000000005 28.825697587092563
4.08 28.825220322554557
4.0920000000000005 28.78641263110896
4.104 28.74688884323099
4.116 28.73938049791184
4.128 28.744012087458472
4.14 28.726913519205866
4.152 28.69554130448637
4.164 28.676724235014632
4.176 28.672265642359733
4.188 28.672763533458266
4.2 28.68372908083674
4.212 28.704947895965446
4.224 28.71518642340152
4.236 28.701354106520228
4.248 28.669958360136633
4.26 28.626320925617563
4.272 28.580986195794935
4.284 28.55924995271252
4.296 28.567015488911338
4.308 28.579209964798295
4.32 28.586928883800553
4.332 28.610359561104545
4.344 28.64817912692699
4.356 28.66452044750369
4.368 28.64013209324696
4.38 28.5948488419139
4.392 28.554303584425
4.404 28.527795307747525
4.416 28.517024311525716
4.428 28.518457749314365
4.44 28.516191295461056
4.452 28.492167597367214
4.464 28.44798704617118
4.476 28.404834188410675
4.488 28.380446912274806
4.5 28.374266537531796
4.5120000000000005 28.37144476809884
4.524 28.359594457628916
4.5360000000000005 28.3471269190494
4.548 28.35194688909111
4.5600000000000005 28.3664958119014
4.572 28.36431680677562
4.5840000000000005 28.34459236997131
4.596 28.32882160318951
4.6080000000000005 28.31824354099696
4.62 28.300222905617844
4.632 28.280498409346663
4.644 28.26452506634837
4.656 28.232424070478473
4.668 28.1741170805101
4.68 28.12204478186335
4.692 28.11369365954633
4.704 28.144115126189277
4.716 28.177051902823507
4.728 28.185909706638057
4.74 28.17611633870594
4.752 28.174526004973373
4.764 28.196709285055363
4.776 28.232298584405086
4.788 28.266490464259164
4.8 28.298932738606112
4.812 28.334248858318688
4.824 28.368614084420898
4.836 28.39608844020661
4.848 28.419925278860816
4.86 28.444893593463505
4.872 28.46561038415497
4.884 28.475728659917564
4.896 28.479879594034173
4.908 28.489905184629592
4.92 28.519377950708133
4.932 28.5771467527928
4.944 28.654936897820576
4.956 28.725867933977824
4.968 28.760976903466883
4.98 28.755872997126303
4.992 28.74462584433968
5.0040000000000004 28.763826591988177
5.016 28.80043107118476
5.0280000000000005 28.81457235555942
5.04 28.80830100610808
5.0520000000000005 28.817308301545324
5.064 28.844093785054937
5.0760000000000005 28.858660247683062
5.088 28.855142388931142
5.1000000000000005 28.853354015306678
5.112 28.856255478493082
5.124 28.853569515304088
5.136 28.854078890446004
5.148 28.870873758903414
5.16 28.889370725985927
5.172 28.891530206291918
5.184 28.892747818099338
5.196 28.91433984674721
5.208 28.945119767858955
5.22 28.965786677615938
5.232 28.978026667795547
5.244 28.982156276279937
5.256 28.964100478488504
5.268 28.923193981143953
5.28 28.87698739977705
5.292 28.83168312855436
5.304 28.78183514697217
5.316 28.736131269290283
5.328 28.710304318058704
5.34 28.7015072806242
5.352 28.69632485687214
5.364 28.69364135763871
5.376 28.700602487878697
5.388 28.71992826728784
5.4 28.752864204081945
5.412 28.79534066129017
5.424 28.82760711033154
5.436 28.83587373741814
5.448 28.838698218146817
5.46 28.856051271980377
5.472 28.87093923219102
5.484 28.861806101012377
5.496 28.842365138865432
5.508 28.83316487591604
5.5200000000000005 28.83226203695824
5.532 28.838435761598205
5.5440000000000005 28.856432833557903
5.556 28.86627009295961
5.5680000000000005 28.841799984085725
5.58 28.802465679234402
5.5920000000000005 28.79016390204366
5.604 28.80587015530911
5.6160000000000005 28.82508493843659
5.628 28.851511259397682
5.64 28.89984618691267
5.652 28.952362154979525
5.664 28.97898609805982
5.676 28.977301804475047
5.688 28.9623513272778
5.7 28.937357244105428
5.712 28.89864223764691
5.724 28.858480132449344
5.736 28.83749828281948
5.748 28.834141900549184
5.76 28.82785078125997
5.772 28.812914957370438
5.784 28.80084352673805
5.796 28.7938658009424
5.808 28.784320126231734
5.82 28.772919400668712
5.832 28.7674714420492
5.844 28.770206930171412
5.856 28.772727181941022
5.868 28.77214058564482
5.88 28.810188934685485
5.892 28.938868075968145
5.904 29.064178942213843
5.916 28.96713778963519
5.928 28.71640152126531
5.94 28.79461597417719
5.952 29.221216379737
5.964 28.90320035030871
5.976 27.294128741809146
5.988 27.088391352934323
