-2.5481807079117256 1.2248953523010755
-2.54678444451013 1.2189352018552597
-2.545388181108535 1.212777689308524
-2.5439919177069394 1.20638965734841
-2.542595654305344 1.199805852887721
-2.5411993909037487 1.1930402805660094
-2.5398031275021533 1.1861133675740234
-2.538406864100558 1.179060765343138
-2.5370106006989626 1.1718707430315192
-2.535614337297367 1.1645198730300308
-2.534218073895772 1.156972149056486
-2.5328218104941764 1.149288887127824
-2.531425547092581 1.1414367774277707
-2.5300292836909857 1.1334893759325269
-2.5286330202893903 1.1253841719067168
-2.527236756887795 1.1171373040902495
-2.5258404934861995 1.1088060513951916
-2.524444230084604 1.1003711382453787
-2.523047966683009 1.091824240462131
-2.5216517032814134 1.0831460763470488
-2.520255439879818 1.0743097200985403
-2.5188591764782227 1.0653277279617726
-2.5174629130766273 1.0562638759115828
-2.516066649675032 1.0470534545892178
-2.5146703862734365 1.0377062882525365
-2.513274122871841 1.028274567057025
-2.5118778594702458 1.0187654814996563
-2.5104815960686504 1.0091571432473074
-2.509085332667055 0.9994608831550806
-2.5076890692654596 0.9896395320914451
-2.5062928058638643 0.9797510092465416
-2.504896542462269 0.9697723690266002
-2.5035002790606735 0.9596837511921592
-2.502104015659078 0.9495260973183406
-2.5007077522574828 0.9392658026503966
-2.4993114888558874 0.9289593680019834
-2.497915225454292 0.9185586844001818
-2.4965189620526966 0.9081018356785364
-2.4951226986511013 0.8976055827091045
-2.493726435249506 0.8870129128369797
-2.4923301718479105 0.8763566050856184
-2.490933908446315 0.8656363423594087
-2.4895376450447197 0.8548738750073426
-2.4881413816431244 0.8440427230738976
-2.486745118241529 0.8331672176664711
-2.4853488548399336 0.8222497443357213
-2.4839525914383382 0.8113088137261286
-2.482556328036743 0.800325330171745
-2.4811600646351475 0.7892780546684719
-2.479763801233552 0.7781842155492313
-2.4783675378319567 0.7671039167964864
-2.4769712744303614 0.756004551028326
-2.475575011028766 0.7449206629777336
-2.4741787476271706 0.7338600443722783
-2.4727824842255752 0.7227470029737901
-2.47138622082398 0.7116099538534115
-2.4699899574223845 0.7004501960645086
-2.468593694020789 0.6893406200394452
-2.4671974306191937 0.6782587921604204
-2.4658011672175983 0.6671949125482399
-2.464404903816003 0.6561416178184629
-2.4630086404144076 0.6451003266309954
-2.461612377012812 0.6340449440306486
-2.460216113611217 0.6230164236858116
-2.4588198502096215 0.6120360972659
-2.457423586808026 0.6011031962872551
-2.4560273234064307 0.5901668252196544
-2.4546310600048353 0.5792675445510724
-2.45323479660324 0.5684139695668478
-2.4518385332016446 0.5575846787189107
-2.450442269800049 0.5468442323928286
-2.449046006398454 0.5361406460678779
-2.4476497429968584 0.5254111891453874
-2.446253479595263 0.5147155799308223
-2.4448572161936677 0.5041065524555677
-2.4434609527920723 0.49358650243624425
-2.442064689390477 0.4831463662497981
-2.4406684259888816 0.47278658792680517
-2.439272162587286 0.4624906445475858
-2.437875899185691 0.4523001772101054
-2.4364796357840954 0.4422120145942472
-2.4350833723825 0.43214613444345673
-2.4336871089809047 0.4221109048998528
-2.4322908455793093 0.41214743758033023
-2.430894582177714 0.402265407032786
-2.4294983187761185 0.3924680459288652
-2.428102055374523 0.38276796343527053
-2.426705791972928 0.3731879438858243
-2.4253095285713324 0.3636583486228062
-2.423913265169737 0.35422221189980974
-2.4225170017681417 0.3449024981612183
-2.4211207383665463 0.33571075523059335
-2.419724474964951 0.3266321917901962
-2.4183282115633555 0.3176485298237708
-2.41693194816176 0.3087851308253562
-2.415535684760165 0.3000141028099108
-2.4141394213585694 0.29131949129686063
-2.412743157956974 0.28273088108724664
-2.4113468945553787 0.274213265763251
-2.4099506311537833 0.26579589015150873
-2.408554367752188 0.2574798529881548
-2.4071581043505925 0.2493043343479826
-2.405761840948997 0.24125456582086713
-2.4043655775474018 0.23334605610682502
-2.4029693141458064 0.22553609902226412
-2.401573050744211 0.21783071433344503
-2.4001767873426156 0.21028387303869067
-2.3987805239410203 0.2029084632965521
-2.397384260539425 0.19568181168693854
-2.3959879971378295 0.18855805987473673
-2.394591733736234 0.18157302168683032
-2.3931954703346388 0.17469839776023832
-2.3917992069330434 0.1679634190485899
-2.390402943531448 0.1613108559699299
-2.3890066801298526 0.1547900803142852
-2.3876104167282572 0.1484162431048901
-2.386214153326662 0.14213912153880415
-2.3848178899250665 0.13597979553273376
-2.383421626523471 0.12996375969353835
-2.3820253631218757 0.12408840688769374
-2.3806290997202804 0.11837200053668084
-2.379232836318685 0.11281167436010264
-2.3778365729170896 0.10737903264063675
-2.3764403095154942 0.10209958202034386
-2.375044046113899 0.09693449979036473
-2.3736477827123035 0.09189657288084163
-2.372251519310708 0.08699908001761969
-2.3708552559091127 0.0821768467719437
-2.3694589925075173 0.07750729532421019
-2.368062729105922 0.07302975855628802
-2.3666664657043266 0.06866968395181061
-2.365270202302731 0.06442857538377211
-2.363873938901136 0.060337295854935746
-2.3624776754995405 0.05638972405193954
-2.361081412097945 0.052592507499099383
-2.3596851486963497 0.04892368850249795
-2.3582888852947543 0.04538571829075977
-2.356892621893159 0.041963486652889515
-2.3554963584915636 0.03867134548156059
-2.354100095089968 0.03553131136723664
-2.352703831688373 0.032527939989961396
-2.3513075682867774 0.029644971663685737
-2.349911304885182 0.026942057232389516
-2.3485150414835867 0.0243927376563704
-2.3471187780819913 0.021960336685737047
-2.345722514680396 0.019666265418237572
-2.3443262512788006 0.01748537904191494
-2.342929987877205 0.01541234843440975
-2.34153372447561 0.013489028844105633
-2.3401374610740144 0.0117235323528746
-2.338741197672419 0.010080796346301213
-2.3373449342708237 0.00860513509499583
-2.3359486708692283 0.007263251975132334
-2.334552407467633 0.006043802251241459
-2.3331561440660376 0.004964652221502774
-2.331759880664442 0.003960862987923974
-2.330363617262847 0.003034605443104965
-2.3289673538612514 0.002248254904827718
-2.327571090459656 0.0015788793077149421
-2.3261748270580607 0.0010022353323790867
-2.3247785636564653 0.000563532160754221
-2.32338230025487 0.0002527324067500558
-2.3219860368532745 6.98163299261978e-05
-2.320589773451679 0.0
-2.319193510050084 4.2229244741065486e-05
-2.3177972466484884 0.00018651654389145733
-2.316400983246893 0.00044233604751298117
-2.3150047198452977 0.0008471026436325246
-2.3136084564437023 0.0013973464855894235
-2.312212193042107 0.0020804732592125674
-2.3108159296405115 0.002917417739411121
-2.309419666238916 0.003827465586624612
-2.3080234028373208 0.004829024483939293
-2.3066271394357254 0.005922239215152558
-2.30523087603413 0.007116169733706101
-2.3038346126325346 0.00835458200924677
-2.3024383492309393 0.009634173249764899
-2.301042085829344 0.011005315920527892
-2.2996458224277485 0.012437284576691354
-2.298249559026153 0.013979430253840519
-2.2968532956245578 0.01558008164641933
-2.2954570322229624 0.017264335159609345
-2.294060768821367 0.01906439934299442
-2.2926645054197716 0.020963862876953954
-2.2912682420181762 0.022980199881516228
-2.289871978616581 0.025034839696616018
-2.2884757152149855 0.027131386212033703
-2.28707945181339 0.029260019835675166
-2.2856831884117947 0.031455657068505616
-2.2842869250101994 0.033741268355896636
-2.282890661608604 0.03612464437878771
-2.2814943982070086 0.03861402204864817
-2.2800981348054132 0.04119550158156926
-2.278701871403818 0.04383375592900052
-2.2773056080022225 0.04653696277628683
-2.275909344600627 0.04929795955467853
-2.2745130811990317 0.052053353905535005
-2.2731168177974364 0.05484132997133884
-2.271720554395841 0.05770395584127641
-2.2703242909942456 0.06064748475134252
-2.26892802759265 0.06361388857780526
-2.267531764191055 0.06657131846014863
-2.2661355007894595 0.06952430614379068
-2.264739237387864 0.07251779765329047
-2.2633429739862687 0.07558639971963999
-2.2619467105846733 0.07872350617407164
-2.260550447183078 0.08190951589767792
-2.2591541837814826 0.08514580520471782
-2.257757920379887 0.08841950028087808
-2.256361656978292 0.0917473858393123
-2.2549653935766965 0.09512129535923464
-2.253569130175101 0.09853322581406587
-2.2521728667735057 0.10195555879414542
-2.2507766033719103 0.10536358874045959
-2.249380339970315 0.10878663427487822
-2.2479840765687196 0.11220916012646853
-2.246587813167124 0.11563708265427408
-2.245191549765529 0.11910120347118891
-2.2437952863639334 0.12258226579689335
-2.242399022962338 0.12605343510034572
-2.2410027595607427 0.12950453494477188
-2.2396064961591473 0.13294693304834482
-2.238210232757552 0.13637189296551355
-2.2368139693559566 0.1397871741679637
-2.235417705954361 0.14323260146611005
-2.234021442552766 0.14666021093316317
-2.2326251791511704 0.1500511407592171
-2.231228915749575 0.15348080182639023
-2.2298326523479797 0.15691514558858444
-2.2284363889463843 0.16033988717717307
-2.227040125544789 0.16372349735280523
-2.2256438621431935 0.1670073745271452
-2.224247598741598 0.17028056692404903
-2.222851335340003 0.1735504866308588
-2.2214550719384074 0.17679201660064336
-2.220058808536812 0.18004763230615595
-2.2186625451352167 0.18327415422248805
-2.2172662817336213 0.18646134103661893
-2.215870018332026 0.18963701204100403
-2.2144737549304305 0.19279538715971967
-2.213077491528835 0.19592376035225811
-2.2116812281272398 0.19902965058372502
-2.2102849647256444 0.20213359486996296
-2.208888701324049 0.20519463065716081
-2.2074924379224536 0.2082351107403042
-2.2060961745208583 0.2112484315846359
-2.204699911119263 0.2142073319614326
-2.2033036477176675 0.2171396794106215
-2.201907384316072 0.22007727548992762
-2.2005111209144768 0.2230125957316318
-2.1991148575128814 0.2259692349807665
-2.197718594111286 0.22890243002979105
-2.1963223307096906 0.2317954671047744
-2.1949260673080953 0.23468671004118846
-2.1935298039065 0.23755835903168077
-2.1921335405049045 0.24038595117070827
-2.190737277103309 0.24318229987275686
-2.1893410137017137 0.24596929031096693
-2.1879447503001184 0.24865706830527756
-2.186548486898523 0.2513269807144525
-2.1851522234969276 0.2539992636399404
-2.1837559600953322 0.25665976381253586
-2.182359696693737 0.259302672872991
-2.1809634332921415 0.26193512550710807
-2.179567169890546 0.26450987958435235
-2.1781709064889507 0.26703265190099046
-2.1767746430873554 0.26954783225070855
-2.17537837968576 0.27205709043983006
-2.1739821162841646 0.274534688884728
-2.1725858528825692 0.2769495523895955
-2.171189589480974 0.2793677838937185
-2.1697933260793785 0.28171060796699976
-2.168397062677783 0.28405480350744483
-2.1670007992761877 0.28642839848328094
-2.1656045358745923 0.28880500357266214
-2.164208272472997 0.29117958502513375
-2.1628120090714016 0.29353272601599656
-2.161415745669806 0.29583008004433964
-2.160019482268211 0.2981118816599633
-2.1586232188666155 0.3004365294839886
-2.15722695546502 0.30275735340939036
-2.1558306920634247 0.30509486699702393
-2.1544344286618293 0.3074479837914339
-2.153038165260234 0.3098048220679459
-2.1516419018586386 0.3121816457512807
-2.150245638457043 0.3145313753630603
-2.148849375055448 0.31683868032214946
-2.1474531116538524 0.31917214652969506
-2.146056848252257 0.3215190870490403
-2.1446605848506617 0.3238516712587227
-2.1432643214490663 0.3261511883649746
-2.141868058047471 0.32843644929948823
-2.1404717946458756 0.3307671931158609
-2.13907553124428 0.3331208353561692
-2.137679267842685 0.33548791603715244
-2.1362830044410894 0.33787569656999494
-2.134886741039494 0.3402813764656685
-2.1334904776378987 0.34271748878163066
-2.1320942142363033 0.34514332314321905
-2.130697950834708 0.34763601726172055
-2.1293016874331125 0.350145895295384
-2.127905424031517 0.35270946904537936
-2.126509160629922 0.35531879588600646
-2.1251128972283264 0.35796741731223847
-2.123716633826731 0.36065699928050776
-2.1223203704251357 0.3634020102823854
-2.1209241070235403 0.36617376106030974
-2.119527843621945 0.3689378485395878
-2.1181315802203495 0.37177416902798655
-2.116735316818754 0.37471441344268897
-2.1153390534171588 0.37769367221045513
-2.1139427900155634 0.38075765131566186
-2.112546526613968 0.3839105449123963
-2.1111502632123726 0.38709349585047903
-2.1097539998107773 0.3903183063973188
-2.108357736409182 0.39357716115966923
-2.1069614730075865 0.3968877912554092
-2.105565209605991 0.4002463341352609
-2.1041689462043958 0.4036917528071058
-2.1027726828028004 0.40719230778202586
-2.101376419401205 0.410763451777882
-2.0999801559996096 0.41440121264309937
-2.0985838925980143 0.41816246632816956
-2.097187629196419 0.4220683147781017
-2.0957913657948235 0.42608132672387455
-2.094395102393228 0.43019667033698283
-2.0929988389916327 0.4344063234223938
-2.0916025755900374 0.4387326424284197
-2.090206312188442 0.44312353133983606
-2.0888100487868466 0.4476161886134946
-2.0874137853852512 0.4522385015448833
-2.086017521983656 0.4569827506005595
-2.0846212585820605 0.46181743609389514
-2.083224995180465 0.46674652486532864
-2.0818287317788697 0.4717855922988008
-2.0804324683772744 0.47690055020913746
-2.079036204975679 0.4821269699587276
-2.0776399415740836 0.48744126287820677
-2.0762436781724882 0.49285187136862874
-2.074847414770893 0.49837464479855953
-2.0734511513692975 0.5039854747030574
-2.072054887967702 0.5096686465763582
-2.0706586245661067 0.5154311430798089
-2.0692623611645113 0.5211767485762948
-2.067866097762916 0.5270428605553548
-2.0664698343613206 0.5329923881511149
-2.065073570959725 0.5390685957561914
-2.06367730755813 0.5452645709542026
-2.0622810441565345 0.5515827714439467
-2.060884780754939 0.5580329929659911
-2.0594885173533437 0.5646038309606922
-2.0580922539517483 0.5712200075211911
-2.056695990550153 0.5779408072961587
-2.0552997271485576 0.5847801488631319
-2.053903463746962 0.5916644283538801
-2.052507200345367 0.5985897800610189
-2.0511109369437714 0.6056192756113035
-2.049714673542176 0.612758222279723
-2.0483184101405807 0.6200193624543999
-2.0469221467389853 0.6273444770888545
-2.04552588333739 0.6347068523873816
-2.0441296199357946 0.6421452148686342
-2.042733356534199 0.6496681538082782
-2.041337093132604 0.6573137894052934
-2.0399408297310084 0.6650680913845406
-2.038544566329413 0.6729103154982283
-2.0371483029278177 0.6808648176995291
-2.0357520395262223 0.6889255466340103
-2.034355776124627 0.6970367984432073
-2.0329595127230315 0.7051645095974379
-2.031563249321436 0.7133576582348269
-2.030166985919841 0.721633727883642
-2.0287707225182454 0.7299623679536467
-2.02737445911665 0.7383211647464805
-2.0259781957150547 0.7467139069582629
-2.0245819323134593 0.7551503469358067
-2.023185668911864 0.7636025371635924
-2.0217894055102685 0.7720666527736739
-2.020393142108673 0.7805919451520822
-2.018996878707078 0.7891510410569254
-2.0176006153054824 0.7977811681540459
-2.016204351903887 0.8064061928490105
-2.0148080885022916 0.8150615128566017
-2.0134118251006963 0.8237382862138247
-2.012015561699101 0.8324911322106345
-2.0106192982975055 0.8413095749517367
-2.00922303489591 0.8501356027197744
-2.0078267714943148 0.8589965360254439
-2.0064305080927194 0.8678809737196218
-2.005034244691124 0.8767469231161726
-2.0036379812895286 0.8855950865754778
-2.0022417178879333 0.8944221311202512
-2.000845454486338 0.9032339597053181
-1.9994491910847425 0.9120350092666456
-1.9980529276831471 0.9208703164015617
-1.9966566642815518 0.9296760270011362
-1.9952604008799564 0.9384356755763292
-1.993864137478361 0.9471913082497849
-1.9924678740767656 0.9559308349261642
-1.9910716106751702 0.9646625052192519
-1.9896753472735749 0.9733805332717509
-1.9882790838719795 0.9820840685910355
-1.9868828204703841 0.9907353246943273
-1.9854865570687887 0.9993191770153942
-1.9840902936671934 1.0078484158060803
-1.982694030265598 1.0163363281378395
-1.9812977668640026 1.024746865713297
-1.9799015034624072 1.0330644535605131
-1.9785052400608119 1.0412925339944081
-1.9771089766592165 1.0494881997404661
-1.975712713257621 1.0576303566191712
-1.9743164498560257 1.0656922377143303
-1.9729201864544303 1.0736816840465337
-1.971523923052835 1.0816121675105421
-1.9701276596512396 1.0894429603844173
-1.9687313962496442 1.0972132745010867
-1.9673351328480488 1.1048928354947805
-1.9659388694464535 1.1125005636074832
-1.964542606044858 1.1200487778844206
-1.9631463426432627 1.127524976684498
-1.9617500792416673 1.1349083367094295
-1.960353815840072 1.142206596175754
-1.9589575524384766 1.1493967501068596
-1.9575612890368812 1.156485502783056
-1.9561650256352858 1.1634040406086399
-1.9547687622336904 1.1701666066871894
-1.953372498832095 1.1767906462066833
-1.9519762354304997 1.1833016107124763
-1.9505799720289043 1.189696543364505
-1.949183708627309 1.1960002677513444
-1.9477874452257136 1.2021995497202056
-1.9463911818241182 1.2082620912298978
-1.9449949184225228 1.2141864320901448
-1.9435986550209274 1.2199596009813547
-1.942202391619332 1.2256127241504657
-1.9408061282177367 1.231124240282469
-1.9394098648161413 1.2365272155336129
-1.938013601414546 1.241764942704009
-1.9366173380129506 1.2468533325825888
-1.9352210746113552 1.251793889376188
-1.9338248112097598 1.2565297161621345
-1.9324285478081644 1.2611000283616818
-1.931032284406569 1.265488355069806
-1.9296360210049737 1.2696984942094218
-1.9282397576033783 1.2737328251453164
-1.926843494201783 1.277625366673135
-1.9254472308001875 1.2813920224862159
-1.9240509673985922 1.2849589132142398
-1.9226547039969968 1.288352935962365
-1.9212584405954014 1.2916045786229233
