-0.9773843811168288 2.512530320221458
-0.9759881177152334 2.509513851469791
-0.974591854313638 2.506211139740202
-0.9731955909120427 2.502609943678351
-0.9717993275104473 2.4987028187843237
-0.9704030641088519 2.4944616501945234
-0.9690068007072565 2.4899073243912255
-0.9676105373056612 2.4850799918166047
-0.9662142739040658 2.4799585006758775
-0.9648180105024704 2.4745713750914717
-0.963421747100875 2.46889888338211
-0.9620254836992796 2.462959920451084
-0.9606292202976843 2.4567490928713767
-0.9592329568960889 2.45016050480055
-0.9578366934944935 2.443263466140081
-0.9564404300928981 2.4361561815166226
-0.9550441666913028 2.4288347125842904
-0.9536479032897074 2.421305838732735
-0.952251639888112 2.4135403119397836
-0.9508553764865166 2.4055416901070146
-0.9494591130849213 2.3973320769429165
-0.9480628496833259 2.388925727285482
-0.9466665862817305 2.3802653515279246
-0.9452703228801351 2.371380480860296
-0.9438740594785398 2.3622990209099726
-0.9424777960769444 2.352995087135497
-0.941081532675349 2.3434797529953926
-0.9396852692737536 2.3337808250412593
-0.9382890058721582 2.3239142707438702
-0.9368927424705629 2.3138591882145647
-0.9354964790689675 2.3036454280248506
-0.9341002156673721 2.293283768381116
-0.9327039522657767 2.282741543014936
-0.9313076888641814 2.2720633215065504
-0.929911425462586 2.2612024751895774
-0.9285151620609906 2.2501597280563317
-0.9271188986593952 2.2388672660239024
-0.9257226352577999 2.2274127239657275
-0.9243263718562045 2.215752430500771
-0.9229301084546091 2.2039513282369683
-0.9215338450530137 2.1920296658614973
-0.9201375816514183 2.1799601521116188
-0.918741318249823 2.167732266425787
-0.9173450548482276 2.1553684470574126
-0.9159487914466322 2.1428466519985534
-0.9145525280450368 2.130181444683359
-0.9131562646434415 2.1173495068369164
-0.9117600012418461 2.1044032530107586
-0.9103637378402507 2.0913544250045106
-0.9089674744386553 2.0782195290399557
-0.90757121103706 2.0649851941775808
-0.9061749476354646 2.0516506119134874
-0.9047786842338692 2.0382426677985848
-0.9033824208322738 2.0247103833438302
-0.9019861574306784 2.0110586561119703
-0.9005898940290831 1.9972853419843943
-0.8991936306274877 1.9834318316594874
-0.8977973672258923 1.9694885162444393
-0.8964011038242969 1.9554819432246973
-0.8950048404227016 1.9413831982912484
-0.8936085770211062 1.9272260017732776
-0.8922123136195108 1.9130021287522254
-0.8908160502179154 1.8987211865348286
-0.8894197868163201 1.8843776938866768
-0.8880235234147247 1.869970035496948
-0.8866272600131293 1.8555057398922372
-0.8852309966115339 1.8409671808426253
-0.8838347332099386 1.8263652088503477
-0.8824384698083432 1.8116935147967297
-0.8810422064067478 1.7969705072013085
-0.8796459430051524 1.7822112366596627
-0.878249679603557 1.767428988172128
-0.8768534162019617 1.752611463496379
-0.8754571528003663 1.7377928450995341
-0.8740608893987709 1.7229337028210523
-0.8726646259971755 1.7080569328539923
-0.8712683625955802 1.6931585796964157
-0.8698720991939848 1.6782074941201017
-0.8684758357923894 1.6632588541008886
-0.867079572390794 1.6482646108996164
-0.8656833089891987 1.6332614645417323
-0.8642870455876033 1.6182563586899334
-0.8628907821860079 1.6032108604235873
-0.8614945187844125 1.5881739577028782
-0.8600982553828171 1.573120063409931
-0.8587019919812218 1.558048325029631
-0.8573057285796264 1.5429691304491087
-0.855909465178031 1.5278631446771271
-0.8545132017764356 1.5127490594722133
-0.8531169383748403 1.4976560991812562
-0.8517206749732449 1.482548402930803
-0.8503244115716495 1.467489267941147
-0.8489281481700541 1.4524689613765815
-0.8475318847684588 1.4374994515434878
-0.8461356213668634 1.4225247866061181
-0.844739357965268 1.407582678962001
-0.8433430945636726 1.392657457405221
-0.8419468311620772 1.377803462352091
-0.8405505677604819 1.3629929475532663
-0.8391543043588865 1.3482010499467663
-0.8377580409572911 1.3334364591161147
-0.8363617775556957 1.3186877281952718
-0.8349655141541004 1.3038934272773304
-0.833569250752505 1.289112667214539
-0.8321729873509096 1.2743343572752792
-0.8307767239493142 1.2595834684981355
-0.8293804605477189 1.2449020510995865
-0.8279841971461235 1.230201927174022
-0.8265879337445281 1.215516275793874
-0.8251916703429327 1.2007977721375198
-0.8237954069413373 1.1861053194229214
-0.822399143539742 1.1714663386826203
-0.8210028801381466 1.1568993378370465
-0.8196066167365512 1.1424218875632732
-0.8182103533349558 1.127957439465746
-0.8168140899333605 1.1135350449368957
-0.8154178265317651 1.0991573482815227
-0.8140215631301697 1.0848197342574224
-0.8126252997285743 1.0705698270862456
-0.811229036326979 1.0563490587916533
-0.8098327729253836 1.0422332081634522
-0.8084365095237882 1.0282072665027897
-0.8070402461221928 1.0142747737019988
-0.8056439827205975 1.00041348418668
-0.8042477193190021 0.9865320877943589
-0.8028514559174067 0.9727286841815612
-0.8014551925158113 0.9589679478791879
-0.8000589291142159 0.945290504556624
-0.7986626657126206 0.9316882160200919
-0.7972664023110252 0.9181984268117844
-0.7958701389094298 0.9047937183014767
-0.7944738755078344 0.8915064988560459
-0.7930776121062391 0.8783293569546231
-0.7916813487046437 0.8652230826611742
-0.7902850853030483 0.8521410413837316
-0.7888888219014529 0.8391257363226714
-0.7874925584998576 0.826164593075049
-0.7860962950982622 0.8132636733967615
-0.7847000316966668 0.8004077396538207
-0.7833037682950714 0.7876109744910309
-0.781907504893476 0.7749396571335296
-0.7805112414918807 0.7623612000475077
-0.7791149780902853 0.7498883288224647
-0.7777187146886899 0.7375119417917233
-0.7763224512870945 0.7252123083843856
-0.7749261878854992 0.713005438522373
-0.7735299244839038 0.7008950966663008
-0.7721336610823084 0.688897663895915
-0.770737397680713 0.6770009552419651
-0.7693411342791177 0.6652007306160215
-0.7679448708775223 0.653537532091093
-0.7665486074759269 0.6419863285491374
-0.7651523440743315 0.6305399429222689
-0.7637560806727361 0.6192301607327977
-0.7623598172711408 0.6080441673708776
-0.7609635538695454 0.5969538659833802
-0.75956729046795 0.5859547515584893
-0.7581710270663546 0.5750436562241816
-0.7567747636647593 0.5642290663163863
-0.7553785002631639 0.5535459670025773
-0.7539822368615685 0.5430055605372104
-0.7525859734599731 0.5325528139881897
-0.7511897100583778 0.5221928050873146
-0.7497934466567824 0.511926422105347
-0.748397183255187 0.5017834567062778
-0.7470009198535916 0.49177049517149385
-0.7456046564519963 0.48182816808579787
-0.7442083930504009 0.4719816860973083
-0.7428121296488055 0.462251643223766
-0.7414158662472101 0.45264352237822436
-0.7400196028456147 0.44313214217669383
-0.7386233394440194 0.4336856769157862
-0.737227076042424 0.4243444399049565
-0.7358308126408286 0.4151065244449512
-0.7344345492392332 0.4060118430729176
-0.7330382858376379 0.3970717101233845
-0.7316420224360425 0.3882225906239114
-0.7302457590344471 0.3794611114685438
-0.7288494956328517 0.3708207657934395
-0.7274532322312564 0.36231332936480953
-0.726056968829661 0.35390612590111914
-0.7246607054280656 0.34564020027005427
-0.7232644420264702 0.33753200313131515
-0.7218681786248748 0.3294746652132403
-0.7204719152232795 0.3214951695929926
-0.7190756518216841 0.3136031005024904
-0.7176793884200887 0.3057678576356295
-0.7162831250184933 0.2980152764347679
-0.714886861616898 0.29028384979324073
-0.7134905982153026 0.2826360399271266
-0.7120943348137072 0.2750538140398078
-0.7106980714121118 0.2675381949640325
-0.7093018080105165 0.2601163550783383
-0.7079055446089211 0.25277473920647253
-0.7065092812073257 0.24553551983132138
-0.7051130178057303 0.23841035026933355
-0.703716754404135 0.2313808234962096
-0.7023204910025396 0.22448095468928386
-0.7009242276009442 0.2177024052978993
-0.6995279641993488 0.21100031860348167
-0.6981317007977534 0.2043597264948005
-0.6967354373961581 0.19777709691936707
-0.6953391739945627 0.19126917660597087
-0.6939429105929673 0.184853375957033
-0.6925466471913719 0.17858799930564828
-0.6911503837897766 0.17242703137526405
-0.6897541203881812 0.1663776866469675
-0.6883578569865858 0.1604568555294179
-0.6869615935849904 0.15467562277055436
-0.685565330183395 0.14904877753548362
-0.6841690667817997 0.14346070602320538
-0.6827728033802043 0.13798100827091275
-0.6813765399786089 0.13260334848592947
-0.6799802765770135 0.12734977391397706
-0.6785840131754182 0.12221813152891059
-0.6771877497738228 0.1171700334038519
-0.6757914863722274 0.11221697234529415
-0.674395222970632 0.10740511520256746
-0.6729989595690367 0.10266905101806856
-0.6716026961674413 0.09798754170529378
-0.6702064327658459 0.09341525019004848
-0.6688101693642505 0.08897146991878913
-0.6674139059626552 0.08460868632599272
-0.6660176425610598 0.08033102348599641
-0.6646213791594644 0.07618320762017561
-0.663225115757869 0.07213996497537778
-0.6618288523562736 0.06825283959284434
-0.6604325889546783 0.06437770038380108
-0.6590363255530829 0.06057178546427622
-0.6576400621514875 0.05688188467544819
-0.6562437987498921 0.053335136212552925
-0.6548475353482968 0.04990916920161226
-0.6534512719467014 0.046572055926787925
-0.652055008545106 0.04330081268744834
-0.6506587451435106 0.040132475296985604
-0.6492624817419153 0.037068515700866556
-0.6478662183403199 0.034142488444246055
-0.6464699549387245 0.0313462376085738
-0.6450736915371291 0.028679040845730697
-0.6436774281355337 0.026186976012041896
-0.6422811647339384 0.02383927140087394
-0.640884901332343 0.021572803268213647
-0.6394886379307476 0.019369391607682473
-0.6380923745291522 0.017286170718222138
-0.6366961111275569 0.015340944046357663
-0.6352998477259615 0.013504672411301044
-0.6339035843243661 0.011735760371777815
-0.6325073209227707 0.0100901168094083
-0.6311110575211754 0.008566681337725868
-0.62971479411958 0.007135326778353601
-0.6283185307179846 0.005780146036244105
-0.6269222673163892 0.004574740333481486
-0.6255260039147938 0.003492841985632822
-0.6241297405131985 0.0025670633637844276
-0.6227334771116031 0.0017799132732818634
-0.6213372137100077 0.001145422499604365
-0.6199409503084123 0.000650232482513502
-0.618544686906817 0.0003006941469720914
-0.6171484235052216 7.335905078775795e-05
-0.6157521601036262 0.0
-0.6143558967020308 6.56738965005843e-05
-0.6129596333004355 0.0002723733778964288
-0.6115633698988401 0.0006275327700961952
-0.6101671064972447 0.00106939010294127
-0.6087708430956493 0.0016008124297570703
-0.607374579694054 0.00231072545261668
-0.6059783162924586 0.003187514122942048
-0.6045820528908632 0.004188944666026373
-0.6031857894892678 0.0053377186086720485
-0.6017895260876724 0.006621875950287404
-0.6003932626860771 0.008053266395990022
-0.5989969992844817 0.009622138503743827
-0.5976007358828863 0.011290329888765882
-0.5962044724812909 0.01309216346655262
-0.5948082090796956 0.015009824297578689
-0.5934119456781002 0.017084980364160174
-0.5920156822765048 0.019282626833955874
-0.5906194188749094 0.021594016646787395
-0.589223155473314 0.024082031382903324
-0.5878268920717187 0.026725530534406516
-0.5864306286701233 0.029486418409874204
-0.5850343652685279 0.032404888856461866
-0.5836381018669325 0.03542020202175422
-0.5822418384653372 0.038553537977776386
-0.5808455750637418 0.04184504575832193
-0.5794493116621464 0.04527184830311626
-0.578053048260551 0.04884405720662244
-0.5766567848589557 0.05258113786243257
-0.5752605214573603 0.05649726765705054
-0.5738642580557649 0.06053891866039862
-0.5724679946541695 0.0647545601540287
-0.5710717312525742 0.06913795305385406
-0.5696754678509788 0.07364654830894324
-0.5682792044493834 0.07832256393660941
-0.566882941047788 0.08313931578558709
-0.5654866776461926 0.08807249658218552
-0.5640904142445973 0.0931307790294511
-0.5626941508430019 0.0983672352982694
-0.5612978874414065 0.10380325747487973
-0.5599016240398111 0.10944105457716091
-0.5585053606382158 0.1152394321287602
-0.5571090972366204 0.12122645829811063
-0.555712833835025 0.12741348010536058
-0.5543165704334296 0.13375357356511586
-0.5529203070318343 0.14026076788533715
-0.5515240436302389 0.14689809590734626
-0.5501277802286435 0.15363201934627568
-0.5487315168270481 0.16052666058621412
-0.5473352534254528 0.16762050315074362
-0.5459389900238574 0.17485176025800797
-0.544542726622262 0.18221943365404059
-0.5431464632206666 0.18974320836531433
-0.5417501998190712 0.19744082419418874
-0.5403539364174759 0.205247999236434
-0.5389576730158805 0.21318126292956663
-0.5375614096142851 0.22127473163962463
-0.5361651462126897 0.22952001182443382
-0.5347688828110944 0.23788070231375968
-0.533372619409499 0.24637767033112823
-0.5319763560079036 0.2550091180370373
-0.5305800926063082 0.26380815549475756
-0.5291838292047129 0.2728089299270948
-0.5277875658031175 0.28198492991072044
-0.5263913024015221 0.29134036091855364
-0.5249950389999267 0.30091595965069473
-0.5235987755983313 0.3106937658747597
-0.522202512196736 0.32066594574996543
-0.5208062487951406 0.3307763816481497
-0.5194099853935452 0.34103833807697015
-0.5180137219919498 0.35147464111878435
-0.5166174585903545 0.3620920428577108
-0.5152211951887591 0.3728818075159097
-0.5138249317871637 0.38388482821167713
-0.5124286683855683 0.3951245963699819
-0.511032404983973 0.4065629920598326
-0.5096361415823776 0.41815698817208613
-0.5082398781807822 0.42995114569171733
-0.5068436147791868 0.44189285156599567
-0.5054473513775914 0.4540317380486272
-0.5040510879759961 0.46638718410457614
-0.5026548245744007 0.4789635635316074
-0.5012585611728053 0.491718389478109
-0.49986229777120994 0.5046572201435993
-0.49846603436961456 0.5177312465638693
-0.4970697709680192 0.5309350099290953
-0.4956735075664238 0.5442790301477771
-0.49427724416482843 0.5578072480926153
-0.49288098076323306 0.5714940596357962
-0.4914847173616377 0.5853372640969781
-0.4900884539600423 0.5993832928814697
-0.4886921905584469 0.6136054264883342
-0.48729592715685155 0.6279762893441045
-0.4858996637552562 0.6424608238601479
-0.4845034003536608 0.6570934697106168
-0.4831071369520654 0.671876938360839
-0.48171087355047004 0.686738170835838
-0.48031461014887467 0.7017436306827278
-0.4789183467472793 0.7168617823191141
-0.4775220833456839 0.732043830991131
-0.47612581994408854 0.7474052066130241
-0.47472955654249316 0.7629165002136347
-0.4733332931408978 0.7785565736047602
-0.4719370297393024 0.7943278996741014
-0.47054076633770703 0.8102041070892199
-0.46914450293611165 0.8262271842245354
-0.4677482395345163 0.8424312072139628
-0.4663519761329209 0.8587876910342516
-0.4649557127313255 0.8752727968134764
-0.46355944932973014 0.8918680589949588
-0.46216318592813477 0.9085596752227332
-0.4607669225265394 0.9253728006201243
-0.459370659124944 0.942297877679124
-0.45797439572334864 0.9593683232060926
-0.45657813232175326 0.9765163066723517
-0.4551818689201579 0.9937432277078244
-0.4537856055185625 1.011040668953882
-0.45238934211696713 1.028435037214905
-0.45099307871537175 1.0459333783625766
-0.4495968153137764 1.0635725897072064
-0.448200551912181 1.0813233887081424
-0.4468042885105856 1.0991911725300838
-0.44540802510899025 1.1171438098797069
-0.44401176170739487 1.1351624647531366
-0.4426154983057995 1.1532757173064283
-0.4412192349042041 1.1714897453480262
-0.43982297150260874 1.1897806867608836
-0.43842670810101336 1.208195615955674
-0.437030444699418 1.226665243163211
-0.4356341812978226 1.2451949891128606
-0.43423791789622723 1.2637816737434946
-0.43284165449463186 1.2824223135231136
-0.4314453910930365 1.301145591124822
-0.4300491276914411 1.3199296085655021
-0.4286528642898457 1.338775963347132
-0.42725660088825035 1.3576365417089562
-0.42586033748665497 1.376534243115998
-0.4244640740850596 1.3954279164787238
-0.4230678106834642 1.414301903595998
-0.42167154728186884 1.4331428315040853
-0.42027528388027346 1.4519879238665965
-0.4188790204786781 1.4707955350442887
-0.4174827570770827 1.4896273819346106
-0.41608649367548733 1.5084874808364646
-0.41469023027389196 1.5273538041648749
-0.4132939668722966 1.5461979863058843
-0.4118977034707012 1.565046394632077
-0.4105014400691058 1.583823789036984
-0.40910517666751045 1.6025485877581218
-0.4077089132659151 1.6212455458374961
-0.4063126498643197 1.6399369690393826
-0.4049163864627243 1.6585942468753103
-0.40352012306112894 1.6771476165988872
-0.40212385965953357 1.6955630460383588
-0.4007275962579382 1.7138482343393378
-0.3993313328563428 1.7320366312326314
-0.39793506945474744 1.7501538052747208
-0.39653880605315206 1.7681684264256603
-0.3951425426515567 1.7861079278122247
-0.3937462792499613 1.8039348354982963
-0.39235001584836593 1.8216872403403386
-0.39095375244677055 1.8393656957780422
-0.3895574890451752 1.8569676091040606
-0.3881612256435798 1.8744996694058784
-0.3867649622419844 1.8918898384126237
-0.38536869884038905 1.9091264088399384
-0.38397243543879367 1.926151216705648
-0.3825761720371983 1.9430331496586177
-0.3811799086356029 1.9597307321830328
-0.37978364523400754 1.9762871468338403
-0.37838738183241216 1.992742922521387
-0.3769911184308168 2.0090735545640825
-0.3755948550292214 2.025264013223051
-0.37419859162762603 2.041297142724403
-0.37280232822603065 2.0571172072078525
-0.3714060648244353 2.0727112480401786
-0.3700098014228399 2.0880794218526546
-0.3686135380212445 2.1032057124321852
-0.36721727461964915 2.118088243104978
-0.36582101121805377 2.132776728285819
-0.3644247478164584 2.1472973740460475
-0.363028484414863 2.16155465163601
-0.36163222101326764 2.1756049374621966
-0.36023595761167226 2.1893932993019405
-0.3588396942100769 2.202880702135758
-0.3574434308084815 2.216113793316339
-0.35604716740688613 2.229109994246386
-0.35465090400529076 2.241859491601275
-0.3532546406036954 2.2543321498641262
-0.3518583772021 2.266533358092346
-0.3504621138005046 2.278479830395497
