-0.2617993877991494 1.6026992749774251
-0.2607521902479528 1.602314551367499
-0.25970499269675623 1.6018149281470642
-0.25865779514555964 1.601124709196597
-0.25761059759436306 1.5999088116023188
-0.25656340004316647 1.5981710747833802
-0.2555162024919699 1.595870722960285
-0.2544690049407733 1.5936401201470574
-0.2534218073895767 1.5914590418616683
-0.2523746098383801 1.5889807585221547
-0.2513274122871835 1.5865106847728896
-0.25028021473598694 1.5837691162845147
-0.24923301718479035 1.5811412483377296
-0.24818581963359376 1.5784161977276767
-0.24713862208239717 1.5751832761114315
-0.2460914245312006 1.571665206991213
-0.245044226980004 1.5682356690097663
-0.2439970294288074 1.5648769739806596
-0.24294983187761082 1.5611620306092107
-0.24190263432641423 1.5570479531260162
-0.24085543677521765 1.552944930217791
-0.23980823922402106 1.5486878585059287
-0.23876104167282447 1.544264858434218
-0.23771384412162788 1.5397318387279881
-0.2366666465704313 1.535202286535224
-0.2356194490192347 1.5305612556941242
-0.23457225146803812 1.5251715040340343
-0.23352505391684153 1.519479113408721
-0.23247785636564494 1.5137783770628346
-0.23143065881444835 1.5080716798551634
-0.23038346126325177 1.502498836731121
-0.22933626371205518 1.4972092082633424
-0.2282890661608586 1.4920254861884246
-0.227241868609662 1.486501381117705
-0.2261946710584654 1.4809067295265947
-0.22514747350726882 1.4754510057375967
-0.22410027595607224 1.4697498754235596
-0.22305307840487565 1.4640478114797588
-0.22200588085367906 1.4585315233964593
-0.22095868330248247 1.4528956219143083
-0.21991148575128588 1.4474446414254203
-0.2188642882000893 1.442134751148302
-0.2178170906488927 1.436568246958302
-0.21676989309769612 1.4305026539703078
-0.21572269554649953 1.4242763013279216
-0.21467549799530294 1.4179790114029345
-0.21362830044410636 1.4114590843876442
-0.21258110289290977 1.404852190815717
-0.21153390534171318 1.3980311702249253
-0.2104867077905166 1.3911221102447655
-0.20943951023932 1.3842680978657427
-0.20839231268812342 1.3772277343993835
-0.20734511513692683 1.3697432682771193
-0.20629791758573024 1.3621656652588854
-0.20525072003453365 1.354613830389411
-0.20420352248333706 1.346734911249257
-0.20315632493214048 1.3390587157308858
-0.2021091273809439 1.3314581746582235
-0.2010619298297473 1.3237652679532914
-0.2000147322785507 1.3158601404385308
-0.19896753472735412 1.3081044384773008
-0.19792033717615753 1.2997670925193177
-0.19687313962496095 1.2913743902400654
-0.19582594207376436 1.282941813485479
-0.19477874452256777 1.2744277287436603
-0.19373154697137118 1.2655290528843182
-0.1926843494201746 1.256613687026885
-0.191637151868978 1.2480203224974957
-0.19058995431778142 1.239294516228
-0.18954275676658483 1.2305908098309146
-0.18849555921538824 1.2219862036757831
-0.18744836166419165 1.2134041829474427
-0.18640116411299507 1.2050094018890434
-0.18535396656179848 1.1963443015552286
-0.1843067690106019 1.187780056680026
-0.1832595714594053 1.1794779303102985
-0.1822123739082087 1.171602652844399
-0.18116517635701213 1.1637538719172653
-0.18011797880581554 1.1555368584648136
-0.17907078125461895 1.1469693167470325
-0.17802358370342236 1.1384489620195666
-0.17697638615222577 1.130156376642617
-0.17592918860102918 1.1221368122287458
-0.1748819910498326 1.1141569639655415
-0.173834793498636 1.1060652291837414
-0.17278759594743942 1.0975645391591513
-0.17174039839624283 1.0885004999767887
-0.17069320084504624 1.0792375675963797
-0.16964600329384966 1.070044364335132
-0.16859880574265307 1.060202110759434
-0.16755160819145648 1.0502967836889354
-0.1665044106402599 1.0402915837326248
-0.1654572130890633 1.0302809143986735
-0.16441001553786672 1.0204992886710897
-0.16336281798667013 1.0106763906326819
-0.16231562043547354 1.0011972127800277
-0.16126842288427695 0.9917814951371042
-0.16022122533308036 0.9823938380256152
-0.15917402778188378 0.9730984751294898
-0.1581268302306872 0.9638071972818807
-0.1570796326794906 0.9544385019323727
-0.156032435128294 0.9450114441501682
-0.15498523757709742 0.9356487942121703
-0.15393804002590084 0.926222453223204
-0.15289084247470425 0.916957397835148
-0.15184364492350766 0.9077249360030066
-0.15079644737231107 0.8983613841109843
-0.14974924982111448 0.889121779117886
-0.1487020522699179 0.8798239526197733
-0.1476548547187213 0.8708301572488324
-0.14660765716752472 0.8618353267089276
-0.14556045961632813 0.8526284578154275
-0.14451326206513154 0.8428646655307546
-0.14346606451393495 0.8329947125887998
-0.14241886696273837 0.8231527997403418
-0.14137166941154178 0.8134708746335093
-0.1403244718603452 0.8035831761019665
-0.1392772743091486 0.7939226066682465
-0.13823007675795201 0.7840071514252998
-0.13718287920675543 0.7741519971715434
-0.13613568165555884 0.764426982200348
-0.13508848410436225 0.7546552578953936
-0.13404128655316566 0.7451108600041039
-0.13299408900196907 0.73551601547004
-0.13194689145077249 0.7260145771119539
-0.1308996938995759 0.7162916927435958
-0.1298524963483793 0.706550111974849
-0.12880529879718272 0.6969045872533286
-0.12775810124598613 0.6874734371571094
-0.12671090369478955 0.6782453285667316
-0.12566370614359296 0.6692300059386014
-0.12461650859239637 0.6606230708989642
-0.12356931104119978 0.6521996979374762
-0.12252211349000319 0.6438939060168138
-0.1214749159388066 0.6355040734109707
-0.12042771838761002 0.6271729286793004
-0.11938052083641343 0.6185156631728148
-0.11833332328521684 0.609677380830135
-0.11728612573402025 0.6005576595121624
-0.11623892818282366 0.5913757866159415
-0.11519173063162708 0.5825031488727177
-0.11414453308043049 0.5738600625830372
-0.1130973355292339 0.5654125548599609
-0.11205013797803731 0.5572669087588622
-0.11100294042684072 0.5492824749641727
-0.10995574287564414 0.5411002647950625
-0.10890854532444755 0.5328390991633682
-0.10786134777325096 0.5247753341857333
-0.10681415022205437 0.5168211642659912
-0.10576695267085778 0.5088568783678227
-0.1047197551196612 0.5008070944588496
-0.10367255756846461 0.4929556329428806
-0.10262536001726802 0.4852641248240843
-0.10157816246607143 0.47747050792406753
-0.10053096491487484 0.46975023010810446
-0.09948376736367825 0.46203013517796876
-0.09843656981248167 0.45408362007628966
-0.09738937226128508 0.4462495348293771
-0.09634217471008849 0.4387718332395991
-0.0952949771588919 0.43125143253911347
-0.09424777960769531 0.4239675498409099
-0.09320058205649873 0.41695872108843446
-0.09215338450530214 0.41029421954044665
-0.09110618695410555 0.4037518663851074
-0.09005898940290896 0.3974821933198598
-0.08901179185171237 0.39127198023430765
-0.08796459430051579 0.3850766035011759
-0.0869173967493192 0.3785899839792819
-0.08587019919812261 0.37265184045961064
-0.08482300164692602 0.36694766419677194
-0.08377580409572943 0.3615131376197098
-0.08272860654453285 0.3562781449129204
-0.08168140899333626 0.35123496422019684
-0.08063421144213967 0.3461886204632947
-0.07958701389094308 0.3411840874830432
-0.0785398163397465 0.33603814896926565
-0.0774926187885499 0.33042987971222715
-0.07644542123735332 0.3249186818952978
-0.07539822368615673 0.3195610175033039
-0.07435102613496014 0.3145192674163866
-0.07330382858376355 0.30970067180382443
-0.07225663103256696 0.30482406912094007
-0.07120943348137038 0.3001028090699549
-0.07016223593017379 0.2957702100991071
-0.0691150383789772 0.291690612668134
-0.06806784082778061 0.2875212847520743
-0.06702064327658402 0.28316365547445344
-0.06597344572538744 0.2786759857633285
-0.06492624817419085 0.274270502704411
-0.06387905062299426 0.26954391194996674
-0.06283185307179767 0.2649854681074544
-0.061784655520601084 0.2605852834730058
-0.060737457969404496 0.2562564461812542
-0.05969026041820791 0.25210460793010725
-0.05864306286701132 0.24810280815057695
-0.05759586531581473 0.24398470830576002
-0.056548667764618143 0.23979941988102382
-0.055501470213421555 0.23547791398360118
-0.05445427266222497 0.23071580640097977
-0.05340707511102838 0.2259373594417866
-0.05235987755983179 0.2209797880415465
-0.0513126800086352 0.21583076353329034
-0.050265482457438615 0.21055295072730473
-0.04921828490624203 0.20545816526470162
-0.04817108735504544 0.20040787559807427
-0.04712388980384885 0.195378092086969
-0.04607669225265226 0.19065376746141283
-0.045029494701455675 0.18560046734106095
-0.043982297150259086 0.18045355105940075
-0.0429350995990625 0.17554768628497186
-0.04188790204786591 0.17050964999921803
-0.04084070449666932 0.16566182442241484
-0.039793506945472734 0.1610683886744937
-0.038746309394276146 0.15692369605400813
-0.03769911184307956 0.15268122484198443
-0.03665191429188297 0.1485506455173322
-0.03560471674068638 0.14455430945793069
-0.034557519189489794 0.1408038085909311
-0.033510321638293206 0.137285345047502
-0.03246312408709662 0.13420485040757058
-0.03141592653590003 0.13116758087630842
-0.03036872898470344 0.1281376273877015
-0.029321531433506853 0.12529102387796343
-0.028274333882310265 0.12265221185487007
-0.027227136331113677 0.11987131077023605
-0.02617993877991709 0.11708367759564453
-0.0251327412287205 0.1138495326736404
-0.024085543677523913 0.11048310778744508
-0.023038346126327325 0.10687039013620847
-0.021991148575130737 0.1034911722989591
-0.02094395102393415 0.10002309740724513
-0.01989675347273756 0.09615705386596574
-0.018849555921540972 0.09236441427961495
-0.017802358370344384 0.08857016030020759
-0.016755160819147796 0.08506884095913847
-0.015707963267951208 0.08138923166703194
-0.01466076571675462 0.07740740113669631
-0.013613568165558032 0.07338018498617771
-0.012566370614361444 0.06920079031408477
-0.011519173063164856 0.06493310934487795
-0.010471975511968268 0.060579385165311805
-0.00942477796077168 0.05591095730204643
-0.008377580409575092 0.051551575136329575
-0.0073303828583785036 0.0474462216442646
-0.0062831853071819155 0.04352461877476799
-0.005235987755985327 0.039830451664698785
-0.004188790204788739 0.0366298588901941
-0.0031415926535921512 0.03344877481143271
-0.002094395102395563 0.030428303463310158
-0.001047197551198975 0.027664671530033047
-2.3869795029440866e-15 0.025321750909171215
0.001047197551194201 0.02292499721571062
0.002094395102390789 0.02059080329163976
0.0031415926535873773 0.018271511492372383
0.004188790204783965 0.01618010184057539
0.0052359877559805534 0.014335403143036274
0.0062831853071771415 0.012889373687556827
0.00733038285837373 0.011399450734558059
0.008377580409570318 0.009807335130773254
0.009424777960766906 0.008433791169125016
0.010471975511963494 0.007146412190081719
0.011519173063160082 0.006052115204113306
0.01256637061435667 0.005288090868305062
0.013613568165553258 0.005012405206940684
0.014660765716749846 0.004792949292294679
0.015707963267946434 0.004836502397864706
0.016755160819143022 0.004421495839039835
0.01780235837033961 0.003858105508754761
0.0188495559215362 0.002999912582623665
0.019896753472732787 0.0023475904477550102
0.020943951023929375 0.001939853564834948
0.021991148575125963 0.0015322349726716311
0.02303834612632255 0.0011125285619186798
0.02408554367751914 0.0006719244802866342
0.025132741228715727 0.0003710754498058577
0.026179938779912315 0.00011686466640981052
0.027227136331108903 0.0
0.02827433388230549 7.847408872407868e-05
0.02932153143350208 0.00043406156984815425
0.030368728984698667 0.001043707731412269
0.031415926535895256 0.001801218425555362
0.032463124087091844 0.0029779221572709957
0.03351032163828843 0.004267737269145755
0.03455751918948502 0.005132259728156896
0.03560471674068161 0.005642528958759385
0.036651914291878196 0.00628742260329318
0.037699111843074784 0.007298882929120509
0.03874630939427137 0.00860186927519635
0.03979350694546796 0.010312591774010116
0.04084070449666455 0.01215957545952051
0.041887902047861136 0.013661426230100915
0.042935099599057724 0.015468542651831285
0.04398229715025431 0.01761020578970829
0.0450294947014509 0.019935371132902446
0.04607669225264749 0.022336215178370367
0.04712388980384408 0.024751141940669186
0.048171087355040665 0.02709748133213452
0.04921828490623725 0.02949849900082313
0.05026548245743384 0.0320600447934396
0.05131268000863043 0.03484713978360787
0.05235987755982702 0.038032213603287346
0.053407075111023605 0.041586946060760965
0.05445427266222019 0.04545471188660599
0.05550147021341678 0.04943761094284582
0.05654866776461337 0.05370123959312423
0.05759586531580996 0.05790105615506036
0.058643062867006546 0.062122972074064364
0.059690260418203134 0.0665290744313154
0.06073745796939972 0.07117710346798845
0.06178465552059631 0.07626084719032633
0.0628318530717929 0.08192774686401094
0.06387905062298949 0.08795410601624098
0.06492624817418607 0.09383057267606887
0.06597344572538266 0.09990492016973462
0.06702064327657925 0.10602567115088846
0.06806784082777584 0.11234402561635193
0.06911503837897243 0.11846095749677943
0.07016223593016901 0.12465702814023416
0.0712094334813656 0.13102285261172142
0.07225663103256219 0.13756150372012144
0.07330382858375878 0.14412578031345902
0.07435102613495537 0.1509071805487281
0.07539822368615196 0.15750197512807063
0.07644542123734854 0.16430483064519308
0.07749261878854513 0.17125573912289838
0.07853981633974172 0.17825530362830477
0.07958701389093831 0.18527927582385928
0.0806342114421349 0.19243917403380806
0.08168140899333148 0.19947051987580267
0.08272860654452807 0.20654666454601056
0.08377580409572466 0.21364016890507287
0.08482300164692125 0.2205486145363409
0.08587019919811784 0.22740766972941628
0.08691739674931442 0.23443659070559875
0.08796459430051101 0.2416610410423914
0.0890117918517076 0.2488381670547426
0.09005898940290419 0.25628135076325975
0.09110618695410078 0.2636558929221451
0.09215338450529736 0.2713150929278072
0.09320058205649395 0.27886402051649384
0.09424777960769054 0.2866263794950612
0.09529497715888713 0.2946785201074249
0.09634217471008372 0.3028194402693032
0.0973893722612803 0.3112156441046636
0.09843656981247689 0.3192219117668458
0.09948376736367348 0.32700581649552873
0.10053096491487007 0.33488345648336804
0.10157816246606666 0.34280157293096636
0.10262536001726325 0.3508035192117518
0.10367255756845983 0.3588246765510803
0.10471975511965642 0.36714564970151287
0.10576695267085301 0.37574427034005
0.1068141502220496 0.38426346039233295
0.10786134777324619 0.3926302173691738
0.10890854532444277 0.4011929684087079
0.10995574287563936 0.40977834258092116
0.11100294042683595 0.4184142987710402
0.11205013797803254 0.42725091252270886
0.11309733552922913 0.436280408555092
0.11414453308042571 0.4454252516124484
0.1151917306316223 0.4544964812623107
0.11623892818281889 0.463532157304428
0.11728612573401548 0.47286238141430204
0.11833332328521207 0.4822078003642787
0.11938052083640865 0.49186777655603464
0.12042771838760524 0.5016394646901858
0.12147491593880183 0.5115402387884842
0.12252211348999842 0.5212864158767729
0.123569311041195 0.5310381676324027
0.1246165085923916 0.5408406159986043
0.12566370614358818 0.5505350328292593
0.12671090369478477 0.5603117110788958
0.12775810124598136 0.5697859740851072
0.12880529879717795 0.5793331467175165
0.12985249634837454 0.588878171418969
0.13089969389957112 0.5986743162875996
0.1319468914507677 0.6085415786122894
0.1329940890019643 0.6182560898977272
0.1340412865531609 0.627770005445484
0.13508848410435748 0.6372036637268934
0.13613568165555406 0.6469137983788471
0.13718287920675065 0.6568451528408445
0.13823007675794724 0.6668374823011902
0.13927727430914383 0.6770354075090665
0.14032447186034042 0.6873712735328752
0.141371669411537 0.6978279775447618
0.1424188669627336 0.7085273690123017
0.14346606451393018 0.7191632738733063
0.14451326206512677 0.7296143123625711
0.14556045961632336 0.739711476283162
0.14660765716751994 0.7494934865688379
0.14765485471871653 0.7596513422980138
0.14870205226991312 0.7700629487558217
0.1497492498211097 0.7805889772603223
0.1507964473723063 0.7910494661404641
0.15184364492350289 0.8016905841931816
0.15289084247469947 0.8123981396258557
0.15393804002589606 0.8228549815292183
0.15498523757709265 0.8328511670537182
0.15603243512828924 0.8429161403806233
0.15707963267948583 0.8531278329097631
0.1581268302306824 0.8634655298811253
0.159174027781879 0.8740026914879593
0.1602212253330756 0.8847537777046739
0.16126842288427218 0.8952255742120485
0.16231562043546877 0.9056947003857658
0.16336281798666535 0.9162428926890698
0.16441001553786194 0.926819458699498
0.16545721308905853 0.937527112447242
0.16650441064025512 0.9481424916673689
0.1675516081914517 0.9588921226723244
0.1685988057426483 0.969711772729994
0.16964600329384488 0.9805519844317416
0.17069320084504147 0.9915231056613436
0.17174039839623806 1.0026520810323518
0.17278759594743465 1.0139580360674074
0.17383479349863123 1.0252491543453175
0.17488199104982782 1.0366838347031262
0.1759291886010244 1.0481598002127441
0.176976386152221 1.0598493785282983
0.1780235837034176 1.0717928018637792
0.17907078125461418 1.083848561985036
0.18011797880581076 1.0955308866758742
0.18116517635700735 1.1069281614205408
0.18221237390820394 1.1182101236449569
0.18325957145940053 1.1296275527107298
0.18430676901059712 1.1412703122639414
0.1853539665617937 1.1531267746011622
0.1864011641129903 1.165059733585764
0.18744836166418688 1.176853295046726
0.18849555921538347 1.1886438636328762
0.18954275676658006 1.2003081078297555
0.19058995431777664 1.2117196765002518
0.19163715186897323 1.22272577713818
0.19268434942016982 1.2337563463216838
0.1937315469713664 1.2449749582969503
0.194778744522563 1.2559420181823668
0.19582594207375958 1.2670032910076543
0.19687313962495617 1.2780540333721717
0.19792033717615276 1.2893163842217064
0.19896753472734935 1.3006603418956786
0.20001473227854594 1.311975264261946
0.20106192982974253 1.3228208764980138
0.2021091273809391 1.3333829158466415
0.2031563249321357 1.3437932836327207
0.2042035224833323 1.3539974478260888
0.20525072003452888 1.3643182439702457
0.20629791758572547 1.3747104402324624
0.20734511513692205 1.3847790601414829
0.20839231268811864 1.39481414121488
0.20943951023931523 1.404728494351673
0.21048670779051182 1.4141320245706197
0.2115339053417084 1.422672093003996
0.212581102892905 1.4306150141319165
0.21362830044410158 1.4382199706333552
0.21467549799529817 1.4456288386124925
0.21572269554649476 1.4530383429612073
0.21676989309769135 1.4602258155263996
0.21781709064888793 1.4675556822745364
0.21886428820008452 1.4746451328960006
0.2199114857512811 1.4817703421986153
0.2209586833024777 1.488512065241423
0.2220058808536743 1.4952364625868881
0.22305307840487087 1.5019149347562575
0.22410027595606746 1.5086971554350441
0.22514747350726405 1.5154709334520078
0.22619467105846064 1.5219130186588927
0.22724186860965723 1.5280112207204581
0.22828906616085382 1.5340656975787965
0.2293362637120504 1.5398869882753274
0.230383461263247 1.5455273856845224
0.23143065881444358 1.5506895688740485
0.23247785636564017 1.5556293282114098
0.23352505391683676 1.5601267434622628
0.23457225146803334 1.5645162839472562
0.23561944901922993 1.568887924018469
0.23666664657042652 1.5731720834405962
0.2377138441216231 1.5772726498815075
0.2387610416728197 1.5811405779388963
0.23980823922401634 1.5847916226831842
0.24085543677521287 1.588123217764604
0.2419026343264094 1.5908389344178886
0.24294983187760605 1.5930759909094832
0.2439970294288027 1.595074513688445
0.24504422697999922 1.596959624133774
0.24609142453119576 1.5987065675465146
0.2471386220823924 1.6003539877226274
0.24818581963358904 1.6016739694874218
0.24923301718478558 1.602807075939353
0.2502802147359821 1.6036317748764475
0.25132741228717875 1.6043497981670498
0.2523746098383754 1.604809456922652
0.25342180738957193 1.6047915028007935
0.25446900494076846 1.6045343792098379
0.2555162024919651 1.604201892027561
0.25656340004316175 1.6038365714678378
0.2576105975943583 1.6035967980762678
0.2586577951455548 1.603375363856287
0.25970499269675146 1.603095276766112
0.2607521902479481 1.6026992749774251
