1.727875959474382 4.598489166970956
1.7292722228759774 4.589999909497972
1.7306684862775727 4.580701602612562
1.7320647496791681 4.57054847248609
1.7334610130807635 4.559556479901696
1.7348572764823589 4.547747555263675
1.7362535398839543 4.535077731754294
1.7376498032855496 4.5215309029314845
1.739046066687145 4.507123133153403
1.7404423300887404 4.491831230628009
1.7418385934903358 4.475690651089012
1.7432348568919311 4.458765588340215
1.7446311202935265 4.4410238631277865
1.746027383695122 4.422408273447652
1.7474236470967173 4.403001693044463
1.7488199104983126 4.3828351880124075
1.750216173899908 4.361948315692783
1.7516124373015034 4.3402870547376
1.7530087007030988 4.317821088908883
1.7544049641046942 4.294595043254364
1.7558012275062895 4.270600676299794
1.757197490907885 4.245879376967615
1.7585937543094803 4.220404609704279
1.7599900177110757 4.19423775735884
1.761386281112671 4.167327476489702
1.7627825445142664 4.139654505449649
1.7641788079158618 4.111279835038485
1.7655750713174572 4.082216326725167
1.7669713347190525 4.052494731749106
1.768367598120648 4.02204921601452
1.7697638615222433 3.990958143587774
1.7711601249238387 3.959266895839376
1.772556388325434 3.926950577594136
1.7739526517270294 3.8940004147150264
1.7753489151286248 3.86044689791696
1.7767451785302202 3.8263139054025337
1.7781414419318156 3.7915954087871073
1.779537705333411 3.756293380116858
1.7809339687350063 3.7204298994663247
1.7823302321366017 3.6840852653762632
1.783726495538197 3.6472363715751226
1.7851227589397924 3.609825946048332
1.7865190223413878 3.571913471081567
1.7879152857429832 3.5335131450332558
1.7893115491445786 3.4946772617656237
1.790707812546174 3.4554332053224406
1.7921040759477693 3.4158262128326244
1.7935003393493647 3.375870099115727
1.79489660275096 3.3355269580222373
1.7962928661525555 3.2948351664524504
1.7976891295541508 3.253848397502009
1.7990853929557462 3.212557532787642
1.8004816563573416 3.171016233945119
1.801877919758937 3.12924418246215
1.8032741831605323 3.087228371096135
1.8046704465621277 3.0450138877759563
1.806066709963723 3.002590789374516
1.8074629733653185 2.9599580064404116
1.8088592367669138 2.917186471134648
1.8102555001685092 2.8742753177348632
1.8116517635701046 2.831245875094547
1.8130480269717 2.7881263375035616
1.8144442903732954 2.7448795070674827
1.8158405537748907 2.7015585086544864
1.817236817176486 2.658217025341018
1.8186330805780815 2.6148445884780336
1.8200293439796769 2.5714489257419832
1.8214256073812722 2.5281020686269264
1.8228218707828676 2.4848217022997274
1.824218134184463 2.4415931936547404
1.8256143975860584 2.3983873135128304
1.8270106609876537 2.355232882113073
1.8284069243892491 2.3121572439380644
1.8298031877908445 2.2692015808851593
1.8311994511924399 2.226442340676748
1.8325957145940353 2.18383278397329
1.8339919779956306 2.1414089846834745
1.835388241397226 2.0991618771873846
1.8367845047988214 2.0571290030138063
1.8381807682004168 2.0153136003543914
1.8395770316020121 1.9737407161411498
1.8409732950036075 1.9324418220907047
1.842369558405203 1.8913888322320518
1.8437658218067983 1.850615620486516
1.8451620852083936 1.81014295235939
1.846558348609989 1.7699915447584562
1.8479546120115844 1.7301580050225729
1.8493508754131798 1.6906606002703581
1.8507471388147752 1.6515181427412369
1.8521434022163705 1.6126962071576374
1.853539665617966 1.5742491449771185
1.8549359290195613 1.5361786453238537
1.8563321924211567 1.4984771152899927
1.857728455822752 1.461215540010016
1.8591247192243474 1.424334081233537
1.8605209826259428 1.3879226406212934
1.8619172460275382 1.3519766655463716
1.8633135094291335 1.3164851781723317
1.864709772830729 1.2814575934831445
1.8661060362323243 1.2468833416673382
1.8675022996339197 1.2128094908489886
1.868898563035515 1.179243944864203
1.8702948264371104 1.1461418838861646
1.8716910898387058 1.1135299938880379
1.8730873532403012 1.0813893171620028
1.8744836166418966 1.0497496872402015
1.875879880043492 1.0186116751833032
1.8772761434450873 0.9880059472203019
1.8786724068466827 0.9579308085168146
1.880068670248278 0.9283469234344346
1.8814649336498734 0.8992841411319455
1.8828611970514688 0.870695964389323
1.8842574604530642 0.8426271467599075
1.8856537238546596 0.8150754836398999
1.887049987256255 0.7880677923966523
1.8884462506578503 0.7616116192743226
1.8898425140594457 0.7356532134152538
1.891238777461041 0.7102739094773141
1.8926350408626365 0.685437463326779
1.8940313042642318 0.6611654955890813
1.8954275676658272 0.6374244759900293
1.8968238310674226 0.6142367655492269
1.898220094469018 0.5915848064215691
1.8996163578706133 0.5694712349549894
1.9010126212722087 0.5478537995705318
1.902408884673804 0.5267434926165815
1.9038051480753995 0.50620528718758
1.9052014114769948 0.48618201232411035
1.9065976748785902 0.46664984036954743
1.9079939382801856 0.44761629595899105
1.909390201681781 0.4290851677249481
1.9107864650833764 0.4110549085241119
1.9121827284849717 0.3934667816659884
1.913578991886567 0.3763288470946897
1.9149752552881625 0.3596870935759937
1.9163715186897579 0.34356452402196513
1.9177677820913532 0.3279510522807793
1.9191640454929486 0.3128485145192853
1.920560308894544 0.29819177803237307
1.9219565722961394 0.2839976403396414
1.9233528356977347 0.27024371719453716
1.9247490990993301 0.25698006674906665
1.9261453625009255 0.24413244784551894
1.9275416259025209 0.23167014659908441
1.9289378893041162 0.2196336650005381
1.9303341527057116 0.20798701545523277
1.931730416107307 0.19673513307409554
1.9331266795089024 0.1859108463951007
1.9345229429104978 0.1754721042730725
1.9359192063120931 0.16542166175174186
1.9373154697136885 0.1557893930828924
1.9387117331152839 0.1465548306901706
1.9401079965168793 0.13767221815823483
1.9415042599184746 0.1291682503130957
1.94290052332007 0.12100417830182983
1.9442967867216654 0.11320531199535436
1.9456930501232608 0.10573490719211322
1.9470893135248561 0.09861538415581275
1.9484855769264515 0.09186129752799169
1.949881840328047 0.08542444342692591
1.9512781037296423 0.07929551257379151
1.9526743671312377 0.07344133846496977
1.954070630532833 0.06790526074636037
1.9554668939344284 0.06264814037580867
1.9568631573360238 0.0576473921641889
1.9582594207376192 0.052903267186545394
1.9596556841392145 0.04841554895906492
1.96105194754081 0.04412384812150887
1.9624482109424053 0.040067560848704435
1.9638444743440007 0.036280434588575945
1.965240737745596 0.03276987267858974
1.9666370011471914 0.02951764210155924
1.9680332645487868 0.02649128993457248
1.9694295279503822 0.023660550330419243
1.9708257913519776 0.02099891877409444
1.972222054753573 0.018545321977612026
1.9736183181551683 0.016300083698207173
1.9750145815567637 0.01418765167414306
1.976410844958359 0.01226455217310922
1.9778071083599544 0.0104544784331173
1.9792033717615498 0.00878252137023999
1.9805996351631452 0.007249086883822013
1.9819958985647406 0.005860359150610017
1.983392161966336 0.004606730656859584
1.9847884253679313 0.003516941375667654
1.9861846887695267 0.0025508935422554144
1.987580952171122 0.001741823774886922
1.9889772155727174 0.0011083232757222465
1.9903734789743128 0.0006065253773589745
1.9917697423759082 0.00026437885119460553
1.9931660057775036 6.360380908421467e-05
1.994562269179099 0.0
1.9959585325806943 3.462509476927469e-05
1.9973547959822897 0.0001282651935630131
1.998751059383885 0.0003384069515657993
2.0001473227854802 0.0006407804561970338
2.0015435861870756 0.0010121093080637067
2.002939849588671 0.001508442081810686
2.0043361129902664 0.00210189373389839
2.0057323763918617 0.0028274021793803224
2.007128639793457 0.0036263947405622454
2.0085249031950525 0.00452396345905458
2.009921166596648 0.005518231658431847
2.0113174299982433 0.006599229995530433
2.0127136933998386 0.007792644055235197
2.014109956801434 0.00909380842117084
2.0155062202030294 0.010465058516700276
2.0169024836046248 0.01195181897462824
2.01829874700622 0.01352446565864309
2.0196950104078155 0.015207098682180634
2.021091273809411 0.016993522328030294
2.0224875372110063 0.01890632538183245
2.0238838006126016 0.020918414269715302
2.025280064014197 0.02302611117979166
2.0266763274157924 0.025218932396659028
2.0280725908173878 0.02744481553071594
2.029468854218983 0.029678607219644385
2.0308651176205785 0.03202807555938291
2.032261381022174 0.03444796973560668
2.0336576444237693 0.0369771618893433
2.0350539078253647 0.039597660164083365
2.03645017122696 0.042335784644484606
2.0378464346285554 0.045210936980794744
2.039242698030151 0.04822058112184188
2.040638961431746 0.05129357781634507
2.0420352248333415 0.05452336799381194
2.043431488234937 0.0578643759914899
2.0448277516365323 0.06133665644226002
2.0462240150381277 0.06493776106567244
2.047620278439723 0.06866123559410077
2.0490165418413184 0.07256718433999282
2.050412805242914 0.07656186477113812
2.051809068644509 0.08069490753768842
2.0532053320461046 0.08498965871034689
2.0546015954477 0.08944454937502203
2.0559978588492953 0.09403160831838785
2.0573941222508907 0.09875974940992543
2.058790385652486 0.10361973090769414
2.0601866490540814 0.1086421105333667
2.061582912455677 0.11375313093642236
2.062979175857272 0.11892135335618795
2.0643754392588676 0.12423773048481918
2.065771702660463 0.12964570956078392
2.0671679660620583 0.13520072982694847
2.0685642294636537 0.14090706168039657
2.069960492865249 0.1467774622482832
2.0713567562668445 0.15276475745583393
2.07275301966844 0.15889493458937884
2.074149283070035 0.16516012808389263
2.0755455464716306 0.17155643828028633
2.076941809873226 0.1781127510430086
2.0783380732748213 0.18481799411636418
2.0797343366764167 0.1916601904652426
2.081130600078012 0.19862102099464743
2.0825268634796075 0.2057367976011743
2.083923126881203 0.21296993971096664
2.0853193902827982 0.2203577041616768
2.0867156536843936 0.22791845631259466
2.088111917085989 0.23560311259370617
2.0895081804875844 0.24343574856252495
2.0909044438891797 0.25146724385062663
2.092300707290775 0.2596849511168552
2.0936969706923705 0.2680547096680981
2.095093234093966 0.2765308497743579
2.0964894974955612 0.28515891887592865
2.0978857608971566 0.29394192068313096
2.099282024298752 0.30288613613061727
2.1006782877003474 0.3119872961186488
2.1020745511019427 0.3212327957276717
2.103470814503538 0.33065670102006495
2.1048670779051335 0.3402621101625756
2.106263341306729 0.35003347028415827
2.1076596047083243 0.3599966981573982
2.1090558681099196 0.370130661987658
2.110452131511515 0.38042978593847016
2.1118483949131104 0.39085825372043853
2.1132446583147058 0.4014356373536177
2.114640921716301 0.41215525945770715
2.1160371851178965 0.4230244193090293
2.117433448519492 0.43402491473626686
2.1188297119210873 0.4451613092558426
2.1202259753226826 0.4564508116165311
2.121622238724278 0.4678614061345366
2.1230185021258734 0.4794237492456716
2.1244147655274688 0.4911423406483992
2.125811028929064 0.5030283146440117
2.1272072923306595 0.5150323882302128
2.128603555732255 0.5272159850740324
2.1299998191338503 0.5395743781809891
2.1313960825354457 0.5520778508224664
2.132792345937041 0.5647410108789731
2.1341886093386364 0.5775572316203031
2.135584872740232 0.590489033999973
2.136981136141827 0.6035543857884246
2.1383773995434225 0.6167464022022258
2.139773662945018 0.6300384413963398
2.1411699263466133 0.6434766499617537
2.1425661897482087 0.6570485221948079
2.143962453149804 0.6707362830338147
2.1453587165513994 0.6845735920196828
2.146754979952995 0.6984946448242663
2.14815124335459 0.7125518749604032
2.1495475067561856 0.7267350153725505
2.150943770157781 0.7410382740724398
2.1523400335593763 0.7554750630724024
2.1537362969609717 0.7700416330056911
2.155132560362567 0.7847349187613383
2.1565288237641624 0.7995233354027488
2.157925087165758 0.8144217331756346
2.159321350567353 0.8294593388321179
2.1607176139689486 0.8446079474380803
2.162113877370544 0.8598374098972871
2.1635101407721393 0.8751878231489287
2.1649064041737347 0.8906405626223726
2.16630266757533 0.9061628364268302
2.1676989309769255 0.921785873614098
2.169095194378521 0.9375022880342633
2.170491457780116 0.9533105521310603
2.1718877211817116 0.9692152769541829
2.173283984583307 0.9852310223428102
2.1746802479849023 1.0013268755703484
2.1760765113864977 1.0174927522508144
2.177472774788093 1.0337621517536493
2.1788690381896885 1.0501624095013105
2.180265301591284 1.066679922783372
2.181661564992879 1.0833153187896574
2.1830578283944746 1.1000819024611248
2.18445409179607 1.1169150355373998
2.1858503551976654 1.1338828336091413
2.1872466185992607 1.1509682010402722
2.188642882000856 1.168148039471291
2.1900391454024515 1.1854658208022186
2.191435408804047 1.2029269179740847
2.1928316722056422 1.220521539793663
2.1942279356072376 1.2382145520253338
2.195624199008833 1.2559422161938503
2.1970204624104284 1.2737441742136009
2.1984167258120237 1.2916727632386176
2.199812989213619 1.3097181065270898
2.2012092526152145 1.3278533424403154
2.20260551601681 1.346098598909215
2.2040017794184052 1.3644632617271424
2.2053980428200006 1.3829587571569921
2.206794306221596 1.4015824212737569
2.2081905696231914 1.4203105750261917
2.2095868330247868 1.4391691852385993
2.210983096426382 1.4581680975752263
2.2123793598279775 1.4772804296614788
2.213775623229573 1.4965237002776646
2.2151718866311683 1.5159077932101295
2.2165681500327636 1.5353994410894067
2.217964413434359 1.554932001249659
2.2193606768359544 1.5745309282192563
2.2207569402375498 1.5942628124946567
2.222153203639145 1.614155130796276
2.2235494670407405 1.6341767079229246
2.224945730442336 1.654308752983523
2.2263419938439313 1.6746105653239083
2.2277382572455267 1.6950531860655105
2.229134520647122 1.7156127576203017
2.2305307840487174 1.736308984010331
2.231927047450313 1.7571411849346752
2.233323310851908 1.7781308103769973
2.2347195742535035 1.799301958734725
2.236115837655099 1.820624546787983
2.2375121010566943 1.8421055004199245
2.2389083644582897 1.8636936027262376
2.240304627859885 1.8853990974379153
2.2417008912614804 1.9072925729756032
2.243097154663076 1.9293020214405867
2.244493418064671 1.9514505115573548
2.2458896814662666 1.9737428732642552
2.247285944867862 1.9962100506931917
2.2486822082694573 2.0187962764838843
2.2500784716710527 2.0415203833730273
2.251474735072648 2.0643730741805597
2.2528709984742434 2.0874087460822888
2.254267261875839 2.1106230881588655
2.255663525277434 2.1340013213209077
2.2570597886790296 2.15754467582852
2.258456052080625 2.1812917123507103
2.2598523154822203 2.205224532127148
2.2612485788838157 2.2293489017081547
2.262644842285411 2.2536987985949333
2.2640411056870064 2.27823877262239
2.265437369088602 2.3029391898295133
2.266833632490197 2.3278546454985447
2.2682298958917926 2.3529497797705954
2.269626159293388 2.3782540073383522
2.2710224226949833 2.403717923944545
2.2724186860965787 2.4293633332051474
2.273814949498174 2.455205389377083
2.2752112128997695 2.48123098692483
2.276607476301365 2.50744937755086
2.27800373970296 2.533840409494253
2.2794000031045556 2.560377287097278
2.280796266506151 2.5870803299594995
2.2821925299077463 2.6138706768115543
2.2835887933093417 2.64070367133392
2.284985056710937 2.6677070152525153
2.2863813201125325 2.694898427722956
2.287777583514128 2.7222745438892253
2.2891738469157232 2.749784619902155
2.2905701103173186 2.7774500625537843
2.291966373718914 2.8052492348876914
2.2933626371205094 2.8332054386865178
2.2947589005221047 2.861290190138312
2.2961551639237 2.889520709238314
2.2975514273252955 2.9178256192707996
2.298947690726891 2.946197729112448
2.3003439541284862 2.9746940056861035
2.3017402175300816 3.0033049709652384
2.303136480931677 3.0320494088174543
2.3045327443332724 3.0608802857884876
2.3059290077348678 3.089780114990259
2.307325271136463 3.1187655316157676
2.3087215345380585 3.1478457332385315
2.310117797939654 3.1769703483961345
2.3115140613412493 3.206122580444046
2.3129103247428446 3.2353527072150117
2.31430658814444 3.264547883170185
2.3157028515460354 3.293742491092198
2.3170991149476308 3.322994852443821
2.318495378349226 3.3522082020377684
2.3198916417508215 3.381398089670813
2.321287905152417 3.4105685473945506
2.3226841685540123 3.439621785963323
2.3240804319556077 3.4686290486758873
2.325476695357203 3.4975831360035947
2.3268729587587984 3.526474614848091
2.328269222160394 3.5552736365765303
2.329665485561989 3.5840204195532537
2.3310617489635845 3.612722176676716
2.33245801236518 3.641332215577974
2.3338542757667753 3.6698355901333146
2.3352505391683707 3.698213701758079
2.336646802569966 3.726436261941136
2.3380430659715614 3.7545010227338933
2.339439329373157 3.7823687295365804
2.340835592774752 3.8100200509149187
2.3422318561763475 3.8374691510394165
2.343628119577943 3.864675184555568
2.3450243829795383 3.891556489857837
2.3464206463811337 3.9181743104224958
2.347816909782729 3.9445226532990043
2.3492131731843244 3.9705961908030414
2.35060943658592 3.996386368019496
2.352005699987515 4.021847225154148
2.3534019633891106 4.0470042578721515
2.354798226790706 4.071820586726566
