-0.9773843811168288 1.568677461078721
-0.9759881177152334 1.561086773432578
-0.974591854313638 1.5533005914005003
-0.9731955909120427 1.5453566950400273
-0.9717993275104473 1.5372676111875876
-0.9704030641088519 1.5290287103179594
-0.9690068007072565 1.5206540921639373
-0.9676105373056612 1.5121531591197481
-0.9662142739040658 1.5035441076237817
-0.9648180105024704 1.4948220814754904
-0.963421747100875 1.4860172585116231
-0.9620254836992796 1.477108841479776
-0.9606292202976843 1.4681004982737988
-0.9592329568960889 1.45899941159891
-0.9578366934944935 1.4497487868099768
-0.9564404300928981 1.4404001301577125
-0.9550441666913028 1.430979804613088
-0.9536479032897074 1.4214432287029979
-0.952251639888112 1.4117780287935489
-0.9508553764865166 1.4020201092066031
-0.9494591130849213 1.3921738755598767
-0.9480628496833259 1.3822311005942538
-0.9466665862817305 1.3721862407158483
-0.9452703228801351 1.3620753171102251
-0.9438740594785398 1.3519273936600484
-0.9424777960769444 1.341706091154208
-0.941081532675349 1.3314433694648926
-0.9396852692737536 1.3211058032974847
-0.9382890058721582 1.3106996307638212
-0.9368927424705629 1.3002779901861459
-0.9354964790689675 1.2898311525830195
-0.9341002156673721 1.2793637351651057
-0.9327039522657767 1.268899558502369
-0.9313076888641814 1.2584023397262172
-0.929911425462586 1.2478474243433766
-0.9285151620609906 1.2372388172881301
-0.9271188986593952 1.2266242689779858
-0.9257226352577999 1.2160239945522164
-0.9243263718562045 1.2053793409195919
-0.9229301084546091 1.1947313609933872
-0.9215338450530137 1.1841099799614199
-0.9201375816514183 1.1735347793066069
-0.918741318249823 1.1629935428043154
-0.9173450548482276 1.1524085620521305
-0.9159487914466322 1.1418433659003142
-0.9145525280450368 1.1312764347777602
-0.9131562646434415 1.1206882443728148
-0.9117600012418461 1.1101149016655256
-0.9103637378402507 1.0995576608256101
-0.9089674744386553 1.0890254494625253
-0.90757121103706 1.0785020383678159
-0.9061749476354646 1.0679775317982205
-0.9047786842338692 1.0574946565669165
-0.9033824208322738 1.0470577271071022
-0.9019861574306784 1.03669147703053
-0.9005898940290831 1.0263386119767972
-0.8991936306274877 1.0160392456066063
-0.8977973672258923 1.0057612593082013
-0.8964011038242969 0.995524588600432
-0.8950048404227016 0.985322542988655
-0.8936085770211062 0.9752089041181762
-0.8922123136195108 0.9651687288129835
-0.8908160502179154 0.9551699873421171
-0.8894197868163201 0.9452480254371665
-0.8880235234147247 0.9353744108732656
-0.8866272600131293 0.9255551324162639
-0.8852309966115339 0.9158092710635515
-0.8838347332099386 0.9061035092710767
-0.8824384698083432 0.8964691009635715
-0.8810422064067478 0.8869153622469241
-0.8796459430051524 0.8774500382269821
-0.878249679603557 0.8680290629926048
-0.8768534162019617 0.8585996897558346
-0.8754571528003663 0.8492538608581413
-0.8740608893987709 0.8399839246901024
-0.8726646259971755 0.8307378683509512
-0.8712683625955802 0.8215663875365067
-0.8698720991939848 0.8124925593027967
-0.8684758357923894 0.8035048472599442
-0.867079572390794 0.7945732132425292
-0.8656833089891987 0.7857189732051495
-0.8642870455876033 0.7769194773377137
-0.8628907821860079 0.7681988068905525
-0.8614945187844125 0.7595362375437844
-0.8600982553828171 0.7509083331854072
-0.8587019919812218 0.7423446228855539
-0.8573057285796264 0.7338148214105331
-0.855909465178031 0.7253593677733079
-0.8545132017764356 0.7169951622929887
-0.8531169383748403 0.7086893849966316
-0.8517206749732449 0.7004266091090869
-0.8503244115716495 0.6922001944683416
-0.8489281481700541 0.6840083116931339
-0.8475318847684588 0.6758760753891693
-0.8461356213668634 0.6677705247461176
-0.844739357965268 0.6597134810284899
-0.8433430945636726 0.6517449474942509
-0.8419468311620772 0.643845373300735
-0.8405505677604819 0.6360122765335348
-0.8391543043588865 0.6282529182055043
-0.8377580409572911 0.620536690099982
-0.8363617775556957 0.6128883877970281
-0.8349655141541004 0.6053226710575643
-0.833569250752505 0.5977924903026519
-0.8321729873509096 0.5903383461827048
-0.8307767239493142 0.5829134678141656
-0.8293804605477189 0.5755374533587485
-0.8279841971461235 0.5681907923739686
-0.8265879337445281 0.5608755715848588
-0.8251916703429327 0.5536309718048074
-0.8237954069413373 0.5464201709940824
-0.822399143539742 0.5392576723302511
-0.8210028801381466 0.5320563918907055
-0.8196066167365512 0.524915262204928
-0.8182103533349558 0.5178459517476028
-0.8168140899333605 0.510738816693106
-0.8154178265317651 0.5036177957136374
-0.8140215631301697 0.49650669638808154
-0.8126252997285743 0.4894329345379731
-0.811229036326979 0.4824074644845098
-0.8098327729253836 0.4754381961975582
-0.8084365095237882 0.4685400549734027
-0.8070402461221928 0.4617390958325416
-0.8056439827205975 0.45499502188366137
-0.8042477193190021 0.4482934732013746
-0.8028514559174067 0.44163973955693336
-0.8014551925158113 0.43504704248269377
-0.8000589291142159 0.42851483080056596
-0.7986626657126206 0.4219774714492246
-0.7972664023110252 0.4154498408565246
-0.7958701389094298 0.4089930200042602
-0.7944738755078344 0.4025238875568107
-0.7930776121062391 0.3960654001209889
-0.7916813487046437 0.38965472642385635
-0.7902850853030483 0.38327951413310757
-0.7888888219014529 0.3769616626318282
-0.7874925584998576 0.3707198823891531
-0.7860962950982622 0.364569841932763
-0.7847000316966668 0.35845824237654256
-0.7833037682950714 0.35238867103853977
-0.781907504893476 0.34637721186527415
-0.7805112414918807 0.3403580101047794
-0.7791149780902853 0.3343451812764897
-0.7777187146886899 0.3283342231868005
-0.7763224512870945 0.32232612559238305
-0.7749261878854992 0.3162796209120984
-0.7735299244839038 0.3102943317131803
-0.7721336610823084 0.30436845210752494
-0.770737397680713 0.29850933214518705
-0.7693411342791177 0.2926599130979639
-0.7679448708775223 0.28680914068715424
-0.7665486074759269 0.2810039546733947
-0.7651523440743315 0.2752087656991762
-0.7637560806727361 0.26943132589536845
-0.7623598172711408 0.26368420966952044
-0.7609635538695454 0.2580053306101888
-0.75956729046795 0.252369601703208
-0.7581710270663546 0.2467889631081448
-0.7567747636647593 0.24124888581746973
-0.7553785002631639 0.2357435855583958
-0.7539822368615685 0.23028682577091786
-0.7525859734599731 0.22482342108602893
-0.7511897100583778 0.2193530049956962
-0.7497934466567824 0.21391861088275732
-0.748397183255187 0.20853759780280257
-0.7470009198535916 0.20320246716013912
-0.7456046564519963 0.19789628233414192
-0.7442083930504009 0.1926502045918994
-0.7428121296488055 0.1874479791383976
-0.7414158662472101 0.18230996951027123
-0.7400196028456147 0.17726323051562076
-0.7386233394440194 0.17228956621090674
-0.737227076042424 0.16741429335388602
-0.7358308126408286 0.16256605874096408
-0.7344345492392332 0.15775454945452339
-0.7330382858376379 0.15297980399975586
-0.7316420224360425 0.14824018575026798
-0.7302457590344471 0.14356130608877038
-0.7288494956328517 0.13887777804728785
-0.7274532322312564 0.13427130891923866
-0.726056968829661 0.12972634184455956
-0.7246607054280656 0.12520503039701225
-0.7232644420264702 0.1207497395505186
-0.7218681786248748 0.11635750612433071
-0.7204719152232795 0.11204790504629614
-0.7190756518216841 0.10783572307090594
-0.7176793884200887 0.10371963412887908
-0.7162831250184933 0.09971669149808804
-0.714886861616898 0.09581104184505307
-0.7134905982153026 0.09196561136880632
-0.7120943348137072 0.08816187044067192
-0.7106980714121118 0.0844130516420023
-0.7093018080105165 0.08075999299285286
-0.7079055446089211 0.07715966165093846
-0.7065092812073257 0.0736234576873187
-0.7051130178057303 0.07017708033083636
-0.703716754404135 0.06680734158405244
-0.7023204910025396 0.06348267002903185
-0.7009242276009442 0.06017772083717432
-0.6995279641993488 0.05693741691078458
-0.6981317007977534 0.05377126682159883
-0.6967354373961581 0.05065814114576028
-0.6953391739945627 0.04758689624566159
-0.6939429105929673 0.04455235402861035
-0.6925466471913719 0.041568841757538166
-0.6911503837897766 0.03866604803627638
-0.6897541203881812 0.035822498950096815
-0.6883578569865858 0.03309075682363982
-0.6869615935849904 0.030481080621200363
-0.685565330183395 0.0279889180347368
-0.6841690667817997 0.025604266010134324
-0.6827728033802043 0.02334671651243525
-0.6813765399786089 0.021209055812448696
-0.6799802765770135 0.019190494759925514
-0.6785840131754182 0.017317619652715166
-0.6771877497738228 0.015541831131997697
-0.6757914863722274 0.013874309655733441
-0.674395222970632 0.012296361828106228
-0.6729989595690367 0.010791775400377901
-0.6716026961674413 0.009372724205348959
-0.6702064327658459 0.008023333880288419
-0.6688101693642505 0.006763848073120471
-0.6674139059626552 0.005588359005201937
-0.6660176425610598 0.0045367782948630975
-0.6646213791594644 0.003539525988259129
-0.663225115757869 0.00267702160135741
-0.6618288523562736 0.0019407893958032219
-0.6604325889546783 0.0013160671697107773
-0.6590363255530829 0.0007997130408057274
-0.6576400621514875 0.0004320343239783142
-0.6562437987498921 0.00019039855047253695
-0.6548475353482968 6.156713098448563e-05
-0.6534512719467014 0.0
-0.652055008545106 6.144969833599134e-05
-0.6506587451435106 0.0002421703100594641
-0.6492624817419153 0.0004676763180668786
-0.6478662183403199 0.0008388670619012828
-0.6464699549387245 0.0013454192811366283
-0.6450736915371291 0.0019718006883238104
-0.6436774281355337 0.0027068465997786006
-0.6422811647339384 0.0035071040047967017
-0.640884901332343 0.0044434236056645204
-0.6394886379307476 0.0055291945123485675
-0.6380923745291522 0.006737347979878905
-0.6366961111275569 0.008034500199187278
-0.6352998477259615 0.009447213781271557
-0.6339035843243661 0.010987658533309741
-0.6325073209227707 0.01269356993020665
-0.6311110575211754 0.014582967159583404
-0.62971479411958 0.01662147947968151
-0.6283185307179846 0.018783423480243755
-0.6269222673163892 0.021071173468243387
-0.6255260039147938 0.02348745350502668
-0.6241297405131985 0.026063743544455065
-0.6227334771116031 0.028784940266177728
-0.6213372137100077 0.03162678836633859
-0.6199409503084123 0.03464572225658458
-0.618544686906817 0.03782510006593043
-0.6171484235052216 0.041160660689143924
-0.6157521601036262 0.04461266651989604
-0.6143558967020308 0.048208862841164546
-0.6129596333004355 0.05194914325153377
-0.6115633698988401 0.05583694815234708
-0.6101671064972447 0.0598585951655366
-0.6087708430956493 0.06401162251160031
-0.607374579694054 0.06829882983740276
-0.6059783162924586 0.07277349905274377
-0.6045820528908632 0.07740813453455075
-0.6031857894892678 0.08223759697571609
-0.6017895260876724 0.08726751798462828
-0.6003932626860771 0.09246841968783315
-0.5989969992844817 0.09782247991560666
-0.5976007358828863 0.10334318378207286
-0.5962044724812909 0.10902534881552128
-0.5948082090796956 0.11490239504354349
-0.5934119456781002 0.12098682363011903
-0.5920156822765048 0.12725851183341774
-0.5906194188749094 0.1336981285533625
-0.589223155473314 0.1403288153042297
-0.5878268920717187 0.14711098644474419
-0.5864306286701233 0.15402739106247054
-0.5850343652685279 0.16105528153570958
-0.5836381018669325 0.16824316604120781
-0.5822418384653372 0.17558931891835527
-0.5808455750637418 0.18308972670945423
-0.5794493116621464 0.19074300374063569
-0.578053048260551 0.198531856205733
-0.5766567848589557 0.2064888901060158
-0.5752605214573603 0.21460573068713984
-0.5738642580557649 0.22285515478583307
-0.5724679946541695 0.23122169786839208
-0.5710717312525742 0.23965419549534772
-0.5696754678509788 0.24823077037817143
-0.5682792044493834 0.2569405948929102
-0.566882941047788 0.2657493216568696
-0.5654866776461926 0.27469978503765446
-0.5640904142445973 0.28373725316333775
-0.5626941508430019 0.2928562115711486
-0.5612978874414065 0.30210606128417794
-0.5599016240398111 0.31147643871199193
-0.5585053606382158 0.320968158123776
-0.5571090972366204 0.3305654938112639
-0.555712833835025 0.3403097553294856
-0.5543165704334296 0.35019181896183227
-0.5529203070318343 0.36020075566531773
-0.5515240436302389 0.3703408263301071
-0.5501277802286435 0.38058910179617556
-0.5487315168270481 0.39094924493068106
-0.5473352534254528 0.4013773842827959
-0.5459389900238574 0.41191063464520994
-0.544542726622262 0.42254369475321596
-0.5431464632206666 0.4332755615791939
-0.5417501998190712 0.4441183796248822
-0.5403539364174759 0.45504345898709175
-0.5389576730158805 0.46603571318885884
-0.5375614096142851 0.47708811945599905
-0.5361651462126897 0.48824620430613663
-0.5347688828110944 0.49952681043066605
-0.533372619409499 0.5108983451205518
-0.5319763560079036 0.5223764356310312
-0.5305800926063082 0.5339211395004781
-0.5291838292047129 0.5455635889957193
-0.5277875658031175 0.5573214392376258
-0.5263913024015221 0.5691750148728261
-0.5249950389999267 0.58109983772124
-0.5235987755983313 0.5930813292037556
-0.522202512196736 0.6051258029256132
-0.5208062487951406 0.617248762764234
-0.5194099853935452 0.6294454587654457
-0.5180137219919498 0.6417346849710555
-0.5166174585903545 0.6540752894925106
-0.5152211951887591 0.6664470481750584
-0.5138249317871637 0.6788720728007434
-0.5124286683855683 0.6913600139126004
-0.511032404983973 0.7038968378669495
-0.5096361415823776 0.7164503909343978
-0.5082398781807822 0.7289920446461053
-0.5068436147791868 0.7414475744569415
-0.5054473513775914 0.7539109485670963
-0.5040510879759961 0.7664060758520748
-0.5026548245744007 0.7789123399890627
-0.5012585611728053 0.7914709455230025
-0.49986229777120994 0.8040542414825893
-0.49846603436961456 0.8166198302814962
-0.4970697709680192 0.829148210834262
-0.4956735075664238 0.8416664765954067
-0.49427724416482843 0.8541810553888354
-0.49288098076323306 0.8666517914360838
-0.4914847173616377 0.8791143200831186
-0.4900884539600423 0.8915898188786002
-0.4886921905584469 0.9040226549301735
-0.48729592715685155 0.9164322950546477
-0.4858996637552562 0.9288247854938447
-0.4845034003536608 0.9412056530352118
-0.4831071369520654 0.953575524215978
-0.48171087355047004 0.9659314886120001
-0.48031461014887467 0.978262295330012
-0.4789183467472793 0.9905945203338717
-0.4775220833456839 1.0028855005924413
-0.47612581994408854 1.015103205032574
-0.47472955654249316 1.027290360048653
-0.4733332931408978 1.0394695897292365
-0.4719370297393024 1.0516020788091396
-0.47054076633770703 1.063646352253329
-0.46914450293611165 1.0756043229810075
-0.4677482395345163 1.0874790607434761
-0.4663519761329209 1.0993003242676593
-0.4649557127313255 1.1110630149453584
-0.46355944932973014 1.1227955075486307
-0.46216318592813477 1.1344151973817418
-0.4607669225265394 1.145947969829308
-0.459370659124944 1.1574386943842399
-0.45797439572334864 1.1688743090110165
-0.45657813232175326 1.1802713215773508
-0.4551818689201579 1.191598009506606
-0.4537856055185625 1.2028241028864954
-0.45238934211696713 1.2139805148370044
-0.45099307871537175 1.2250568316044337
-0.4495968153137764 1.2360342454338138
-0.448200551912181 1.2469107958361008
-0.4468042885105856 1.2577323081779923
-0.44540802510899025 1.2684909100629227
-0.44401176170739487 1.2791843162359555
-0.4426154983057995 1.2897975319900468
-0.4412192349042041 1.3003293612154039
-0.43982297150260874 1.310774965106475
-0.43842670810101336 1.3211157194832879
-0.437030444699418 1.3313771285411917
-0.4356341812978226 1.3415268238202316
-0.43423791789622723 1.3515166212782788
-0.43284165449463186 1.3614134154148871
-0.4314453910930365 1.3712375141705877
-0.4300491276914411 1.380984190051123
-0.4286528642898457 1.390612939232227
-0.42725660088825035 1.4001113973487236
-0.42586033748665497 1.4095138371634164
-0.4244640740850596 1.4187990937022619
-0.4230678106834642 1.4279779042597909
-0.42167154728186884 1.4370213215345018
-0.42027528388027346 1.445954466089944
-0.4188790204786781 1.4547457142944324
-0.4174827570770827 1.4634081787538094
-0.41608649367548733 1.4719509865819873
-0.41469023027389196 1.4803496911788443
-0.4132939668722966 1.4886249488035332
-0.4118977034707012 1.4967534217832394
-0.4105014400691058 1.50475398577521
-0.40910517666751045 1.5126585143921716
-0.4077089132659151 1.5204789304503663
-0.4063126498643197 1.5281881600748477
-0.4049163864627243 1.5358035180527452
-0.40352012306112894 1.5432741388067939
-0.40212385965953357 1.5506145636504414
-0.4007275962579382 1.5578001307122804
-0.3993313328563428 1.5648232446739314
-0.39793506945474744 1.5717436812687993
-0.39653880605315206 1.5785357777001536
-0.3951425426515567 1.5852269480228927
-0.3937462792499613 1.5917828059280055
-0.39235001584836593 1.5981339733507127
-0.39095375244677055 1.6043187534122012
-0.3895574890451752 1.6103652563022024
-0.3881612256435798 1.6162354951052293
-0.3867649622419844 1.6219227637660367
-0.38536869884038905 1.6274363729909567
-0.38397243543879367 1.6328563299923644
-0.3825761720371983 1.6381669781564483
-0.3811799086356029 1.6433761475088318
-0.37978364523400754 1.648487325703286
-0.37838738183241216 1.65347149521034
-0.3769911184308168 1.6582919136247938
-0.3755948550292214 1.6629791850460833
-0.37419859162762603 1.6675016974597554
-0.37280232822603065 1.67188580034869
-0.3714060648244353 1.6761706229384004
-0.3700098014228399 1.6802833174039051
-0.3686135380212445 1.6842186389115739
-0.36721727461964915 1.6879893801121852
-0.36582101121805377 1.691609778012264
-0.3644247478164584 1.6950574261494467
-0.363028484414863 1.6982869661190136
-0.36163222101326764 1.7013421270889069
-0.36023595761167226 1.7042588750918242
-0.3588396942100769 1.706965065262409
-0.3574434308084815 1.7095048241416464
-0.35604716740688613 1.7118693963771534
-0.35465090400529076 1.714101318373821
-0.3532546406036954 1.7161624959985886
-0.3518583772021 1.7180385824514133
-0.3504621138005046 1.7197428763460039
