0.0 23.893809706414913
0.012 20.54577055129657
0.024 22.309122794186962
0.036000000000000004 23.27742469315548
0.048 22.277412697771283
0.06 21.066619394732157
0.07200000000000001 20.604088558771707
0.084 20.391596230641937
0.096 19.927383915032962
0.108 19.333333863174545
0.12 18.83856040772747
0.132 18.398586628719443
0.14400000000000002 17.86232147832213
0.156 17.192283347285155
0.168 16.443515863441604
0.18 15.656378850829796
0.192 14.829504456309891
0.20400000000000001 13.953491137754412
0.216 13.041376968976138
0.228 12.131505712286824
0.24 11.257917134987508
0.252 10.423630260360582
0.264 9.621627194503873
0.276 8.864631384938704
0.28800000000000003 8.163639511043627
0.3 7.499165772274978
0.312 6.844945496713294
0.324 6.197679900050844
0.336 5.560775888507962
0.34800000000000003 4.924027666794245
0.36 4.28102456683456
0.372 3.6499540022994097
0.384 3.0600335635028557
0.396 2.524736124787779
0.40800000000000003 2.040813455200407
0.42 1.6086529193713943
0.432 1.2350209878993326
0.444 0.9160570667987145
0.456 0.6415104002615806
0.468 0.4156150040462876
0.48 0.2474574377340275
0.492 0.1270448725047686
0.504 0.04050389632871543
0.516 0.0
0.528 0.031718381240182225
0.54 0.1438598086782008
0.552 0.3238887491035314
0.5640000000000001 0.5525601352479157
0.5760000000000001 0.8079604538333172
0.588 1.0719913255382494
0.6 1.344356112276131
0.612 1.6380243795906893
0.624 1.9537046688723194
0.636 2.272612461348473
0.648 2.5805467980932804
0.66 2.880668875390427
0.672 3.1766238162219054
0.684 3.4644225621111673
0.6960000000000001 3.7468606119306855
0.708 4.039151821946888
0.72 4.352906079601979
0.732 4.677138115003174
0.744 4.983472486511971
0.756 5.260231973776143
0.768 5.529475268920649
0.78 5.816086898746633
0.792 6.119933569137814
0.804 6.433123900396069
0.8160000000000001 6.75758334920674
0.8280000000000001 7.091142345295097
0.84 7.425148476781942
0.852 7.765709349876786
0.864 8.129334037810509
0.876 8.514518001366127
0.888 8.903376849140358
0.9 9.290718059283662
0.912 9.689150641478847
0.924 10.103301993567499
0.936 10.519095715725342
0.9480000000000001 10.929595841693896
0.96 11.349994091541063
0.972 11.788562458013644
0.984 12.231518861072672
0.996 12.675626928805272
1.008 13.137716376443976
1.02 13.614383497547337
1.032 14.06950058828339
1.044 14.477129411947573
1.056 14.846521108103417
1.068 15.18888999028195
1.08 15.490424386422276
1.092 15.742536571379617
1.104 15.964853332667516
1.116 16.173242684447743
1.1280000000000001 16.364109964070792
1.1400000000000001 16.5416935824568
1.1520000000000001 16.72121181933815
1.164 16.91114548164566
1.176 17.112709933688237
1.188 17.314204908643077
1.2 17.496202922454586
1.212 17.668872172346227
1.224 17.866064586577536
1.236 18.086245154193023
1.248 18.292437807292202
1.26 18.471325488333193
1.272 18.638109462998884
1.284 18.792567059960376
1.296 18.91872519191365
1.308 19.020864538381602
1.32 19.122883511710853
1.332 19.23269119268552
1.344 19.332944564392903
1.356 19.40877860697286
1.368 19.468093053467086
1.3800000000000001 19.5342778662648
1.3920000000000001 19.624012624265163
1.4040000000000001 19.729489355225297
1.416 19.831235297663767
1.428 19.93167167980343
1.44 20.055022252581665
1.452 20.211522280540905
1.464 20.38699271764844
1.476 20.568374098286185
1.488 20.757718279560194
1.5 20.96188176024026
1.512 21.182029943445002
1.524 21.41327643569558
1.536 21.65182554575108
1.548 21.90342837733364
1.56 22.178502348040595
1.572 22.471323200915336
1.584 22.75681306669395
1.596 23.02444595163145
1.608 23.293338373411018
1.62 23.571404131149734
1.6320000000000001 23.83630945443646
1.6440000000000001 24.081008553284803
1.6560000000000001 24.329301324648398
1.668 24.585361020333778
1.68 24.817975185856668
1.692 25.00734005399964
1.704 25.16874644664415
1.716 25.32983456942779
1.728 25.502897195417106
1.74 25.6690036835854
1.752 25.796973613703912
1.764 25.893961355576906
1.776 26.00304004758894
1.788 26.133202870292976
1.8 26.24402094575248
1.812 26.315874093134298
1.824 26.377722041323793
1.836 26.452379030669363
1.848 26.52760192611116
1.86 26.590385380822326
1.872 26.648636835899538
1.8840000000000001 26.718486370277503
1.8960000000000001 26.816696729043002
1.9080000000000001 26.95105926869917
1.92 27.098595071773758
1.932 27.215190251218516
1.944 27.284259445104283
1.956 27.338904663171235
1.968 27.421750912663782
1.98 27.53483350126575
1.992 27.64548834525995
2.004 27.729232718286752
2.016 27.78003310636116
2.028 27.79227123004931
2.04 27.77052016944731
2.052 27.744596517735815
2.064 27.737543089629455
2.076 27.73600670811112
2.088 27.726950362455582
2.1 27.738429671873547
2.112 27.800289468612675
2.124 27.884649990195257
2.136 27.936908192716857
2.148 27.953882600176883
2.16 27.97804134117564
2.172 28.024598235966337
2.184 28.06706457940598
2.196 28.08439975901632
2.208 28.080618218717305
2.22 28.07488067553416
2.232 28.093314495111798
2.244 28.140450465072675
2.2560000000000002 28.178880501336465
2.2680000000000002 28.178719403205136
2.2800000000000002 28.168184785112004
2.2920000000000003 28.183771570124364
2.3040000000000003 28.202583248193648
2.316 28.184204209203656
2.328 28.144474074898838
2.34 28.129681872581273
2.352 28.15133763690956
2.364 28.190356483063866
2.376 28.23259960415176
2.388 28.273101739569753
2.4 28.31120410447501
2.412 28.34898621115991
2.424 28.379643420681006
2.436 28.388790387570197
2.448 28.37643614075931
2.46 28.361490115479043
2.472 28.359597985065577
2.484 28.36778773724977
2.496 28.37311308506723
2.508 28.368173233224994
2.52 28.351773174632953
2.532 28.322744200686827
2.544 28.287928405975507
2.556 28.268056052405
2.568 28.275463357465952
2.58 28.293706445795024
2.592 28.300105779081633
2.604 28.297222102798585
2.616 28.29919410038842
2.628 28.30363977414106
2.64 28.303949664898866
2.652 28.310283324010555
2.664 28.33310741797895
2.676 28.364613041995838
2.688 28.390637862627045
2.7 28.402371474001555
2.712 28.394385662669436
2.724 28.36788528329113
2.736 28.333441260235134
2.748 28.301981692452202
2.7600000000000002 28.276054448937913
2.7720000000000002 28.250569977406798
2.7840000000000003 28.21945598373422
2.7960000000000003 28.184200288152653
2.8080000000000003 28.157338920449817
2.82 28.152783381688877
2.832 28.17060599755588
2.844 28.19583743591504
2.856 28.21389284323965
2.868 28.22351557644143
2.88 28.232716388540368
2.892 28.244721979042126
2.904 28.254432955121516
2.916 28.259695297335853
2.928 28.263715950277202
2.94 28.26170112381618
2.952 28.24104965108988
2.964 28.20100534500763
2.976 28.158136897430055
2.988 28.129628800146733
3.0 28.122239136530496
3.012 28.13493084618561
3.024 28.159690074880103
3.036 28.18008913995517
3.048 28.177901812825056
3.06 28.146048563770904
3.072 28.0974810582844
3.084 28.055472815683842
3.096 28.02615724272964
3.108 27.994798281677163
3.12 27.964029701102646
3.132 27.966526290836697
3.144 28.014142920136493
3.156 28.06933626270721
3.168 28.095698568064094
3.18 28.100994559581167
3.192 28.103403088529888
3.204 28.094656336256705
3.216 28.066451556709993
3.228 28.0333703305306
3.24 28.004111642734088
3.2520000000000002 27.97395983473558
3.2640000000000002 27.956977246267357
3.2760000000000002 27.974159653213036
3.2880000000000003 28.013809602492316
3.3000000000000003 28.053778847375156
3.3120000000000003 28.098736513896355
3.3240000000000003 28.148984314138744
3.336 28.174077384051756
3.348 28.1623113557649
3.36 28.15064605748536
3.372 28.16570876573188
3.384 28.17585437506156
3.396 28.139383382499105
3.408 28.071891544959
3.42 28.023593727862533
3.432 28.002721672429573
3.444 27.97326941406223
3.456 27.92925256462044
3.468 27.91015232701993
3.48 27.93292753779376
3.492 27.9680628772022
3.504 27.990316088321165
3.516 28.00219294882848
3.528 28.00953362388806
3.54 28.015043857297016
3.552 28.026006336822803
3.564 28.041677011123028
3.576 28.05163568856115
3.588 28.05780377767033
3.6 28.069872591590638
3.612 28.079524401496002
3.624 28.069885129928252
3.636 28.04055004509405
3.648 28.00090650137126
3.66 27.955614290854285
3.672 27.906879499512
3.684 27.857069108147797
3.696 27.812123483546017
3.708 27.78768143142426
3.72 27.79542174166083
3.732 27.818777672242888
3.744 27.823081098060484
3.7560000000000002 27.795404973837776
3.7680000000000002 27.752700069247126
3.7800000000000002 27.710656746445352
3.7920000000000003 27.676630613491156
3.8040000000000003 27.670157594597768
3.8160000000000003 27.706847225937977
3.8280000000000003 27.76387488388707
3.84 27.80202046061555
3.852 27.809858946570273
3.864 27.79229285832794
3.876 27.74465951938805
3.888 27.67240459018535
3.9 27.60447211723472
3.912 27.563980917517625
3.924 27.55349010617482
3.936 27.569525124447992
3.948 27.60056595516957
3.96 27.621080281332183
3.972 27.616826154655143
3.984 27.604522705294244
3.996 27.603998874696543
4.008 27.607587713795667
4.0200000000000005 27.599730908506658
4.032 27.582663019676218
4.0440000000000005 27.557458188510836
4.056 27.512646101782593
4.0680000000000005 27.455809161814713
4.08 27.415998105992102
4.0920000000000005 27.397920554359757
4.104 27.378563478409106
4.116 27.352922143767827
4.128 27.333080682487648
4.14 27.309074503031937
4.152 27.264285644688144
4.164 27.21891763090224
4.176 27.20837486553806
4.188 27.229436789813988
4.2 27.24793076438722
4.212 27.24712493656034
4.224 27.236157206287757
4.236 27.223078859814862
4.248 27.206282129561146
4.26 27.188000744130193
4.272 27.181665910904
4.284 27.198989988678903
4.296 27.229323870463304
4.308 27.248141831671504
4.32 27.250910313106957
4.332 27.252868650013397
4.344 27.25784908331582
4.356 27.260185109814742
4.368 27.264516581175414
4.38 27.273041775567776
4.392 27.273169854888636
4.404 27.25769050724915
4.416 27.236154158697744
4.428 27.218952043900458
4.44 27.210080577734644
4.452 27.215791496465968
4.464 27.237848312436128
4.476 27.257988672497845
4.488 27.256160288354437
4.5 27.24317685606141
4.5120000000000005 27.243899748775263
4.524 27.255962557883194
4.5360000000000005 27.258102317057393
4.548 27.244146580093982
4.5600000000000005 27.219890953061267
4.572 27.186128551162
4.5840000000000005 27.150102458700758
4.596 27.135798537555516
4.6080000000000005 27.15823473912512
4.62 27.197775278194754
4.632 27.22116614415819
4.644 27.220737382864343
4.656 27.213149192347615
4.668 27.209246079256047
4.68 27.206532953373966
4.692 27.199011324220507
4.704 27.17602141443446
4.716 27.129883212625487
4.728 27.076316572777273
4.74 27.038175341494863
4.752 27.00495707881697
4.764 26.951227346820076
4.776 26.894284026664607
4.788 26.877807140034605
4.8 26.896009025079962
4.812 26.893984520853323
4.824 26.852971553445414
4.836 26.81817764539467
4.848 26.824959738353485
4.86 26.849527805870622
4.872 26.858644168261037
4.884 26.864570259291654
4.896 26.894271328487136
4.908 26.933595163010622
4.92 26.946366085265367
4.932 26.931492619861174
4.944 26.916068030890727
4.956 26.909186571942783
4.968 26.904070273370536
4.98 26.903110601944945
4.992 26.905798820596118
5.0040000000000004 26.892567815681474
5.016 26.845558847923172
5.0280000000000005 26.775788673515592
5.04 26.71589834490601
5.0520000000000005 26.685720288108598
5.064 26.673377980681437
5.0760000000000005 26.65556724482296
5.088 26.626257111710743
5.1000000000000005 26.59716971104055
5.112 26.58294275284969
5.124 26.590704372948707
5.136 26.610189311853205
5.148 26.619721241182447
5.16 26.612273505535597
5.172 26.598245399440415
5.184 26.58394059377072
5.196 26.574578262592027
5.208 26.584268275010885
5.22 26.612924298834457
5.232 26.633788386652498
5.244 26.625063721843688
5.256 26.593539114682187
5.268 26.56146642999009
5.28 26.548037000638203
5.292 26.558596780540086
5.304 26.580280849540927
5.316 26.594826817579403
5.328 26.596592127759138
5.34 26.592103908552104
5.352 26.588050913891436
5.364 26.584920836895208
5.376 26.577378323207995
5.388 26.557553115923653
5.4 26.522461589379276
5.412 26.485737974438635
5.424 26.474341975493843
5.436 26.49643306999566
5.448 26.525340499521334
5.46 26.536476865887934
5.472 26.536432460412
5.484 26.534126700281917
5.496 26.516635084116714
5.508 26.477895327409584
5.5200000000000005 26.440408711402952
5.532 26.424625580205017
5.5440000000000005 26.423308447512667
5.556 26.427924008978167
5.5680000000000005 26.449765860847222
5.58 26.48994698758922
5.5920000000000005 26.522074181148994
5.604 26.528279521324222
5.6160000000000005 26.51795182086488
5.628 26.49799935461654
5.64 26.464465465675787
5.652 26.427354564438062
5.664 26.40424142568375
5.676 26.395370506074386
5.688 26.39528717749161
5.7 26.409938261170808
5.712 26.44171232392918
5.724 26.478853701285658
5.736 26.505524499656147
5.748 26.507840396392737
5.76 26.481090860323775
5.772 26.442905422385152
5.784 26.424235998616965
5.796 26.43593447619328
5.808 26.454345134454343
5.82 26.4558403638424
5.832 26.458640212493293
5.844 26.492904734842725
5.856 26.526532350507196
5.868 26.49153057291244
5.88 26.41354161780565
5.892 26.407657773445834
5.904 26.46490016451625
5.916 26.412828174384018
5.928 26.29142658712577
5.94 26.471182910394617
5.952 26.845689781843987
5.964 26.304613626211648
5.976 24.418526292153643
5.988 24.01433457253134
