2.0682151636132766 3.2478376409640077
2.0694368940896726 3.2395749437139045
2.0706586245660685 3.230881380361808
2.0718803550424645 3.2217919773331687
2.0731020855188604 3.212225269307737
2.0743238159952564 3.202210437384423
2.0755455464716523 3.1917949734870774
2.0767672769480483 3.1806793686237143
2.0779890074244443 3.1690409814540033
2.07921073790084 3.1570068682404155
2.080432468377236 3.1446811417241918
2.081654198853632 3.131838423764435
2.082875929330028 3.118664616990202
2.084097659806424 3.1050028218404577
2.08531939028282 3.090723171862379
2.086541120759216 3.0760235290465516
2.087762851235612 3.060811669866524
2.088984581712008 3.0452253862462157
2.090206312188404 3.0292948117583194
2.0914280426647998 3.0129609368908064
2.0926497731411957 2.9962223127043046
2.0938715036175917 2.9791217589753103
2.0950932340939876 2.961682661512498
2.0963149645703836 2.943861753421203
2.0975366950467795 2.9256599523552893
2.0987584255231755 2.9070125089152157
2.0999801559995714 2.887965400717661
2.1012018864759674 2.868556439804337
2.1024236169523633 2.8487802178461266
2.1036453474287593 2.828705068357806
2.1048670779051553 2.8083108241913237
2.106088808381551 2.787677299196929
2.107310538857947 2.7665936753994913
2.108532269334343 2.745301451704421
2.109753999810739 2.7238310327455793
2.110975730287135 2.702024970958689
2.112197460763531 2.6798665798383468
2.113419191239927 2.6574085352613963
2.114640921716323 2.6347412564409467
2.115862652192719 2.611734814610969
2.117084382669115 2.5885063041282876
2.1183061131455108 2.5651646561153427
2.1195278436219067 2.5417072472457107
2.1207495740983027 2.518149845853486
2.1219713045746986 2.4942947825192903
2.1231930350510946 2.4701123237145737
2.1244147655274905 2.44558695352751
2.1256364960038865 2.4209529872509847
2.1268582264802824 2.39626860762192
2.1280799569566784 2.371539784587526
2.1293016874330744 2.346743936018015
2.1305234179094703 2.32191514668844
2.1317451483858663 2.2970145585854027
2.132966878862262 2.2719187420419473
2.134188609338658 2.246658719960095
2.135410339815054 2.221140055775493
2.13663207029145 2.195626869836815
2.137853800767846 2.169984099788536
2.139075531244242 2.1442986450827846
2.140297261720638 2.118605094804707
2.141518992197034 2.0928047573542585
2.14274072267343 2.066825782923729
2.143962453149826 2.0407051067666657
2.1451841836262218 2.014599299175501
2.1464059141026177 1.9885829504078743
2.1476276445790137 1.9624521133364112
2.1488493750554096 1.9362763271390122
2.1500711055318056 1.910104168628095
2.1512928360082015 1.8839875668244872
2.1525145664845975 1.857951302495053
2.1537362969609934 1.8317582401599282
2.1549580274373894 1.8055647404139847
2.1561797579137854 1.7794894395883887
2.1574014883901813 1.7535910926119982
2.1586232188665773 1.7278439408364932
2.159844949342973 1.7022453755844538
2.161066679819369 1.6766507295895394
2.162288410295765 1.6510259171623716
2.163510140772161 1.625564892758348
2.164731871248557 1.6002979863242786
2.165953601724953 1.5752253181304354
2.167175332201349 1.5503648415326552
2.168397062677745 1.525698969822031
2.169618793154141 1.5010435624576246
2.170840523630537 1.4766130046143928
2.1720622541069328 1.4522970198149494
2.1732839845833287 1.4281518673260791
2.1745057150597247 1.4040802877672434
2.1757274455361206 1.3801176819759746
2.1769491760125166 1.3563487164126968
2.1781709064889125 1.332753889695681
2.1793926369653085 1.309308147022847
2.1806143674417044 1.286132148834298
2.1818360979181004 1.2629669572588398
2.1830578283944964 1.240059156692979
2.1842795588708923 1.2173821671505607
2.1855012893472883 1.1949259362359044
2.186723019823684 1.1726856969742983
2.18794475030008 1.1507296507279534
2.189166480776476 1.1290782457980129
2.190388211252872 1.1076460740843288
2.191609941729268 1.0864300247411052
2.192831672205664 1.0653169824005886
2.19405340268206 1.0443483067711554
2.195275133158456 1.0235809551522266
2.196496863634852 1.0031118709272278
2.197718594111248 0.982985585956385
2.1989403245876438 0.9631603214277789
2.2001620550640397 0.9435525239711069
2.2013837855404357 0.9241881905014395
2.2026055160168316 0.9051901119665331
2.2038272464932276 0.8865356885859796
2.2050489769696235 0.868242553646553
2.2062707074460195 0.8501597931301603
2.2074924379224155 0.8322176704020876
2.2087141683988114 0.8146971730991481
2.2099358988752074 0.7974739902151669
2.2111576293516033 0.7804315219519538
2.2123793598279993 0.7636958591234304
2.2136010903043952 0.7472159630550834
2.214822820780791 0.7308750946796749
2.216044551257187 0.7147345049505134
2.217266281733583 0.6988421489419352
2.218488012209979 0.6832196302185878
2.219709742686375 0.667601316352858
2.220931473162771 0.6522538018668058
2.222153203639167 0.6372200136437982
2.223374934115563 0.6224456359160797
2.224596664591959 0.6078835354725243
2.2258183950683548 0.5935104124053225
2.2270401255447507 0.5792695286680214
2.2282618560211467 0.5651202150972665
2.2294835864975426 0.5511798715931491
2.2307053169739386 0.5376670150142786
2.2319270474503345 0.5244956081229475
2.2331487779267305 0.5115611771298063
2.2343705084031265 0.49900021597431987
2.2355922388795224 0.4866403244747062
2.2368139693559184 0.47452488498564094
2.2380356998323143 0.4626212430966916
2.2392574303087103 0.45089529745354184
2.2404791607851062 0.43935008476529447
2.241700891261502 0.4279559081321622
2.242922621737898 0.4167190658763218
2.244144352214294 0.4055358252990118
2.24536608269069 0.3945541066991609
2.246587813167086 0.38373022272648427
2.247809543643482 0.3730844343083106
2.249031274119878 0.36258152860781934
2.250253004596274 0.3522687689684858
2.25147473507267 0.3422005267985355
2.2526964655490658 0.3322699099146291
2.2539181960254617 0.322491916103786
2.2551399265018577 0.312905014176863
2.2563616569782536 0.3035140031239223
2.2575833874546496 0.29421938598497377
2.2588051179310455 0.285123975525039
2.2600268484074415 0.27616959246410033
2.2612485788838375 0.26733353559154693
2.2624703093602334 0.2586108952285997
2.2636920398366294 0.2500519317299279
2.2649137703130253 0.24165448924134125
2.2661355007894213 0.23341675131828765
2.2673572312658172 0.2253140085282439
2.268578961742213 0.21737262210285735
2.269800692218609 0.2095155144706098
2.271022422695005 0.20172095944860757
2.272244153171401 0.19407454077870057
2.273465883647797 0.1864822169055742
2.274687614124193 0.17903793839928994
2.275909344600589 0.17168042554015983
2.277131075076985 0.16438920648246835
2.278352805553381 0.1572678259213376
2.2795745360297768 0.15036231482315543
2.2807962665061727 0.14365939938329575
2.2820179969825687 0.13711211927790146
2.2832397274589646 0.13074079963064378
2.2844614579353606 0.12449420037407322
2.2856831884117566 0.11838879227954635
2.2869049188881525 0.11248357405483489
2.2881266493645485 0.10666780524854858
2.2893483798409444 0.10101492565172521
2.2905701103173404 0.09551565660919437
2.2917918407937363 0.09021964978529695
2.2930135712701323 0.08518857543566583
2.2942353017465282 0.08028851538225013
2.295457032222924 0.075480944772778
2.29667876269932 0.07077694264009438
2.297900493175716 0.06621064480523842
2.299122223652112 0.06183862755528935
2.300343954128508 0.057611624985469234
2.301565684604904 0.053555547874452714
2.3027874150813 0.04969060840906536
2.304009145557696 0.04588445624625592
2.305230876034092 0.042093272904452306
2.306452606510488 0.03841183099419254
2.3076743369868837 0.03496328756639855
2.3088960674632797 0.031649263337953926
2.3101177979396756 0.028413550734541104
2.3113395284160716 0.025242327678427046
2.3125612588924676 0.022240476341437443
2.3137829893688635 0.01947997969023163
2.3150047198452595 0.016910145340204963
2.3162264503216554 0.014574129680312353
2.3174481807980514 0.012483185592856216
2.3186699112744473 0.010592389894810594
2.3198916417508433 0.008939021659841728
2.3211133722272392 0.007354497653835779
2.322335102703635 0.005943604426335014
2.323556833180031 0.004601709915647234
2.324778563656427 0.0033930754772768523
2.326000294132823 0.0023450958886428452
2.327222024609219 0.0014333829874146886
2.328443755085615 0.0007610466737446586
2.329665485562011 0.0003005705507348466
2.330887216038407 3.826942077012063e-05
2.332108946514803 0.0
2.333330676991199 0.00026015233879661537
2.3345524074675947 0.0007849734702745081
2.3357741379439907 0.0015284727506639229
2.3369958684203866 0.002517953056440092
2.3382175988967826 0.003758874902871412
2.3394393293731786 0.005287896637213407
2.3406610598495745 0.007133277155190854
2.3418827903259705 0.009214411604375528
2.3431045208023664 0.011462030980055715
2.3443262512787624 0.013936708365577033
2.3455479817551583 0.016715375343068217
2.3467697122315543 0.019594029493788412
2.3479914427079502 0.0226856941453093
2.349213173184346 0.026008917326208802
2.350434903660742 0.029603286006391727
2.351656634137138 0.033351413920570394
2.352878364613534 0.03734058229773041
2.35410009508993 0.041449780549697834
2.355321825566326 0.0457981110222363
2.356543556042722 0.05038730241534495
2.357765286519118 0.05521072012717809
2.358987016995514 0.06008142979413833
2.36020874747191 0.06521934602812962
2.3614304779483057 0.07062661950411098
2.3626522084247017 0.07613590426521455
2.3638739389010976 0.0817904655651489
2.3650956693774936 0.08749016905440499
2.3663173998538896 0.09340785329160894
2.3675391303302855 0.0995651625089522
2.3687608608066815 0.10599266032056676
2.3699825912830774 0.11259795110316873
2.3712043217594734 0.11927772617360688
2.3724260522358693 0.1261426139469961
2.3736477827122653 0.1331346144561394
2.3748695131886612 0.14037347155141333
2.376091243665057 0.14778190446261874
2.377312974141453 0.155407923114808
2.378534704617849 0.16333259770735253
2.379756435094245 0.17147110369472784
2.380978165570641 0.1799115665186548
2.382199896047037 0.1884496679502945
2.383421626523433 0.19704893248177768
2.384643356999829 0.20587863306801069
2.385865087476225 0.21476135025761778
2.387086817952621 0.22377927146945353
2.3883085484290167 0.23306832761591068
2.3895302789054127 0.24256904650169986
2.3907520093818087 0.2523174175588281
2.3919737398582046 0.26222736496706034
2.3931954703346006 0.2722991937988013
2.3944172008109965 0.28249123123973163
2.3956389312873925 0.29273746095907427
2.3968606617637884 0.3031894255829286
2.3980823922401844 0.31382808086715386
2.3993041227165803 0.32445558688360165
2.4005258531929763 0.3350890715745152
2.4017475836693722 0.3458507206653678
2.402969314145768 0.35649309207653346
2.404191044622164 0.3672628509621063
2.40541277509856 0.378072895043573
2.406634505574956 0.38896861984011366
2.407856236051352 0.39996668396011614
2.409077966527748 0.411170452505786
2.410299697004144 0.4224828067398505
2.41152142748054 0.433905344816111
2.412743157956936 0.4452191003248913
2.413964888433332 0.4564372715380216
2.4151866189097277 0.4677576031703552
2.4164083493861237 0.4792902514048478
2.4176300798625197 0.4909778907006057
2.4188518103389156 0.5026470138190575
2.4200735408153116 0.5144537910318547
2.4212952712917075 0.526381899908813
2.4225170017681035 0.5383550053613533
2.4237387322444994 0.5505356959567109
2.4249604627208954 0.5628659501750803
2.4261821931972913 0.5753750466554095
2.4274039236736873 0.5880654273659047
2.4286256541500832 0.6008724502372331
2.429847384626479 0.6136129357480229
2.431069115102875 0.6263279829589123
2.432290845579271 0.6390379610233765
2.433512576055667 0.651833779890552
2.434734306532063 0.6648683056976665
2.435956037008459 0.678066520219744
2.437177767484855 0.6912892955641894
2.438399497961251 0.7045631276273525
2.439621228437647 0.7178265695459913
2.440842958914043 0.7311197268897445
2.4420646893904387 0.7445269460366717
2.4432864198668347 0.7578544754590553
2.4445081503432307 0.7712776034035471
2.4457298808196266 0.7846591988297007
2.4469516112960226 0.7979363575460354
2.4481733417724185 0.8112405627300063
2.4493950722488145 0.8247329286441811
2.4506168027252104 0.8381646421308631
2.4518385332016064 0.8514742959258683
2.4530602636780023 0.864652408538916
2.4542819941543983 0.8778129313179193
2.4555037246307942 0.8910189915229694
2.45672545510719 0.9042788933809618
2.457947185583586 0.9176047794913131
2.459168916059982 0.9310044992794531
2.460390646536378 0.9443590272189226
2.461612377012774 0.9578039134881351
2.46283410748917 0.9714179369710507
2.464055837965566 0.9851079139804995
2.465277568441962 0.9987403856155481
2.466499298918358 1.0124828091364861
2.467721029394754 1.026345284839465
2.4689427598711498 1.0401602871752118
2.4701644903475457 1.0539436617530953
2.4713862208239417 1.067655862600759
2.4726079513003376 1.0814668725691376
2.4738296817767336 1.0953009235236948
2.4750514122531295 1.1092508338066693
2.4762731427295255 1.1230471944221563
2.4774948732059214 1.1368966019840911
2.4787166036823174 1.1509464842285695
2.4799383341587133 1.1651279830297767
2.4811600646351093 1.179355717090516
2.4823817951115053 1.19368570104362
2.483603525587901 1.2081397304675079
2.484825256064297 1.2227295275786219
2.486046986540693 1.2373779852928806
2.487268717017089 1.252128635048308
2.488490447493485 1.2669549940457046
2.489712177969881 1.281908145220001
2.490933908446277 1.2968422068535972
2.492155638922673 1.3118122386046025
2.493377369399069 1.326888609053043
2.494599099875465 1.3420399781394394
2.4958208303518608 1.3572770609842735
2.4970425608282567 1.3726667885850645
2.4982642913046527 1.3881991630982782
2.4994860217810486 1.4037957363495934
2.5007077522574446 1.4195576516403037
2.5019294827338405 1.435387466418888
2.5031512132102365 1.4513187193017814
2.5043729436866324 1.4672006387147576
2.5055946741630284 1.4830803339901877
2.5068164046394243 1.498962414485078
2.5080381351158203 1.5149294347970113
2.5092598655922163 1.5310918749162568
2.510481596068612 1.5473397567220672
2.511703326545008 1.5637739209824986
2.512925057021404 1.5803443753582087
2.5141467874978 1.5968574999665464
2.515368517974196 1.6133955701805007
2.516590248450592 1.6299515706251384
2.517811978926988 1.6466534060918718
2.519033709403384 1.6634781271104089
2.52025543987978 1.6805619587561011
2.521477170356176 1.6976250806591793
2.5226989008325718 1.7148551624576953
2.5239206313089677 1.7321556421171351
2.5251423617853637 1.7495359855766708
2.5263640922617596 1.766895507718118
2.5275858227381556 1.7843336137686947
2.5288075532145515 1.801820882679749
2.5300292836909475 1.8194471279566073
2.5312510141673434 1.8372172552379027
2.5324727446437394 1.8550437376282218
2.5336944751201353 1.8730151901119427
2.5349162055965313 1.8910523942729185
2.5361379360729273 1.909228011836916
2.537359666549323 1.9275416711524826
2.538581397025719 1.946115863961552
2.539803127502115 1.9649010130457896
2.541024857978511 1.9837506723157787
2.542246588454907 2.002737065756662
2.543468318931303 2.0217225449579814
2.544690049407699 2.040669207992039
2.545911779884095 2.0596679778838904
2.547133510360491 2.078770375102124
2.548355240836887 2.0980297554552294
2.5495769713132828 2.117194183294913
2.5507987017896787 2.1364387943057466
2.5520204322660747 2.155796310581593
2.5532421627424706 2.175161513442532
2.5544638932188666 2.19460951045707
2.5556856236952625 2.2141221296908213
2.5569073541716585 2.233661432192548
2.5581290846480544 2.2531208597535226
2.5593508151244504 2.272663214994907
2.5605725456008464 2.2922003301315783
2.5617942760772423 2.311799430527202
2.5630160065536383 2.3314885809872123
2.564237737030034 2.3511898461973146
2.56545946750643 2.370913991275927
2.566681197982826 2.3906772604346713
2.567902928459222 2.4103523617638984
2.569124658935618 2.4298933457051817
2.570346389412014 2.4494545943469745
2.57156811988841 2.469038048974653
2.572789850364806 2.4885644217003744
2.574011580841202 2.5079649676844156
2.575233311317598 2.527278550406237
2.5764550417939938 2.546495464473452
2.5776767722703897 2.5654859022914707
2.5788985027467857 2.5844048523254344
2.5801202332231816 2.6033057556625465
2.5813419636995776 2.622003917122356
2.5825636941759735 2.6406165458247983
2.5837854246523695 2.6590792309618223
2.5850071551287654 2.6775063412003703
2.5862288856051614 2.695846828215167
2.5874506160815574 2.7140995834083697
2.5886723465579533 2.7321816928162264
2.5898940770343493 2.7499867657796813
2.591115807510745 2.767631994661258
2.592337537987141 2.785102170557451
2.593559268463537 2.8024943861985037
2.594780998939933 2.819678724145092
2.596002729416329 2.8366314902792737
2.597224459892725 2.8533062071252857
2.598446190369121 2.869702171478508
2.599667920845517 2.8858976071119002
2.600889651321913 2.9019410399531864
2.602111381798309 2.9176827027496586
2.6033331122747048 2.9331107070619
2.6045548427511007 2.9482941576517305
2.6057765732274967 2.9632953501740644
2.6069983037038926 2.9780999045244982
2.6082200341802886 2.9927983697975264
2.6094417646566845 3.007301780780182
2.6106634951330805 3.02141369530338
2.6118852256094764 3.03510685482172
2.6131069560858724 3.0485680841632075
2.6143286865622684 3.0617993938211043
2.6155504170386643 3.07489014751377
2.6167721475150603 3.087788918494226
