2.0682151636132766 2.6091334999469162
2.0694368940896726 2.6008190773582593
2.0706586245660685 2.592060303561995
2.0718803550424645 2.583020897298555
2.0731020855188604 2.5737072674376726
2.0743238159952564 2.56410431717623
2.0755455464716523 2.5542122446892157
2.0767672769480483 2.543957348765425
2.0779890074244443 2.5332951774003916
2.07921073790084 2.5222300071596075
2.080432468377236 2.510793301024857
2.081654198853632 2.4989944107360476
2.082875929330028 2.4868271876735935
2.084097659806424 2.4743871998681146
2.08531939028282 2.4616070036111806
2.086541120759216 2.4484846891216487
2.087762851235612 2.4349573395685313
2.088984581712008 2.4211362726784778
2.090206312188404 2.4069249918013718
2.0914280426647998 2.3924462284116137
2.0926497731411957 2.3776308985380012
2.0938715036175917 2.3623699785245784
2.0950932340939876 2.3468361126432074
2.0963149645703836 2.331084667555805
2.0975366950467795 2.3152068926482356
2.0987584255231755 2.2991152927305465
2.0999801559995714 2.2827519508633043
2.1012018864759674 2.26617581013467
2.1024236169523633 2.2493193210166984
2.1036453474287593 2.232185914403954
2.1048670779051553 2.214883536534379
2.106088808381551 2.197294704326351
2.107310538857947 2.1795339258065582
2.108532269334343 2.1616593747730235
2.109753999810739 2.1436962538215845
2.110975730287135 2.12545350494139
2.112197460763531 2.107092485678902
2.113419191239927 2.0886481005667643
2.114640921716323 2.0700795630267814
2.115862652192719 2.051403858243948
2.117084382669115 2.0324180674578516
2.1183061131455108 2.0132721673799243
2.1195278436219067 1.9939552721555074
2.1207495740983027 1.9746052004969101
2.1219713045746986 1.9551273619896719
2.1231930350510946 1.935525771996193
2.1244147655274905 1.9158066980559687
2.1256364960038865 1.8960061434172697
2.1268582264802824 1.8760964574253403
2.1280799569566784 1.85614797302884
2.1293016874330744 1.8360731300839113
2.1305234179094703 1.8159398756127885
2.1317451483858663 1.7956428583167985
2.132966878862262 1.7751728407193226
2.134188609338658 1.7544474948205142
2.135410339815054 1.733747958258382
2.13663207029145 1.7130503826845347
2.137853800767846 1.6923688389838065
2.139075531244242 1.6715479168195
2.140297261720638 1.6504601037806923
2.141518992197034 1.6293259987940427
2.14274072267343 1.6082172050948307
2.143962453149826 1.5871673383498397
2.1451841836262218 1.5661536372872369
2.1464059141026177 1.5453112989312399
2.1476276445790137 1.524619676002471
2.1488493750554096 1.5040962769516588
2.1500711055318056 1.4837285316357651
2.1512928360082015 1.4633132848374382
2.1525145664845975 1.4427510119176346
2.1537362969609934 1.4221437237071475
2.1549580274373894 1.4016480144095271
2.1561797579137854 1.3813224785209663
2.1574014883901813 1.3611248404892047
2.1586232188665773 1.3410253490349622
2.159844949342973 1.3211305282006047
2.161066679819369 1.3014111975584357
2.162288410295765 1.2819632759283717
2.163510140772161 1.2626735460841614
2.164731871248557 1.2433567805253163
2.165953601724953 1.2241096559521503
2.167175332201349 1.2049868341637584
2.168397062677745 1.1860065460240972
2.169618793154141 1.1671434043175672
2.170840523630537 1.148362983754342
2.1720622541069328 1.1297523461587367
2.1732839845833287 1.1111470780828774
2.1745057150597247 1.0927078274630013
2.1757274455361206 1.0744444284697086
2.1769491760125166 1.0562895090623268
2.1781709064889125 1.0382605606783648
2.1793926369653085 1.020388476876365
2.1806143674417044 1.0027548336119814
2.1818360979181004 0.9852005377473699
2.1830578283944964 0.9679022425453305
2.1842795588708923 0.9508393003691766
2.1855012893472883 0.9339608921396215
2.186723019823684 0.9171857318762185
2.18794475030008 0.9007085710287557
2.189166480776476 0.8844554674966072
2.190388211252872 0.8684220356214899
2.191609941729268 0.8525623971282712
2.192831672205664 0.836844067732313
2.19405340268206 0.8212838224461005
2.195275133158456 0.8058815662623531
2.196496863634852 0.7906988552244674
2.197718594111248 0.7755889852451017
2.1989403245876438 0.7608008540968006
2.2001620550640397 0.7463202404610682
2.2013837855404357 0.732051167427491
2.2026055160168316 0.7180619003635668
2.2038272464932276 0.7042855244382555
2.2050489769696235 0.6905605306140132
2.2062707074460195 0.6769847366845569
2.2074924379224155 0.6636413429078111
2.2087141683988114 0.6503386390065936
2.2099358988752074 0.6372541733437344
2.2111576293516033 0.6244279031646626
2.2123793598279993 0.6118421427287544
2.2136010903043952 0.5994371000111156
2.214822820780791 0.5872325964646902
2.216044551257187 0.5751322586187514
2.217266281733583 0.5631635464271071
2.218488012209979 0.5513723211214016
2.219709742686375 0.539732710109537
2.220931473162771 0.5282081150153632
2.222153203639167 0.516711232997736
2.223374934115563 0.5052233925586828
2.224596664591959 0.49399928545878
2.2258183950683548 0.4827472332767862
2.2270401255447507 0.4714458347377888
2.2282618560211467 0.4603205058469765
2.2294835864975426 0.4493802173608601
2.2307053169739386 0.4386100447585351
2.2319270474503345 0.4279635816604338
2.2331487779267305 0.41749179983041806
2.2343705084031265 0.40709438164671424
2.2355922388795224 0.396784219093929
2.2368139693559184 0.3865799483761138
2.2380356998323143 0.3765692624105549
2.2392574303087103 0.3666379572591066
2.2404791607851062 0.3566774857126502
2.241700891261502 0.34677692146234074
2.242922621737898 0.33693581615701623
2.244144352214294 0.32721606278087867
2.24536608269069 0.3176103894656435
2.246587813167086 0.3082053224599489
2.247809543643482 0.2989362397253143
2.249031274119878 0.28987213589299454
2.250253004596274 0.28093119957474666
2.25147473507267 0.27206392548246544
2.2526964655490658 0.2634491170110225
2.2539181960254617 0.2550652963955664
2.2551399265018577 0.24682071283584797
2.2563616569782536 0.23877991247924807
2.2575833874546496 0.23095688734350875
2.2588051179310455 0.2233298045470182
2.2600268484074415 0.21575919077914962
2.2612485788838375 0.20829658396625456
2.2624703093602334 0.20086410191843754
2.2636920398366294 0.19346303815155005
2.2649137703130253 0.18609324185497506
2.2661355007894213 0.17884970514289822
2.2673572312658172 0.17178149817580263
2.268578961742213 0.16486814016401136
2.269800692218609 0.1580351110920862
2.271022422695005 0.1513338040601618
2.272244153171401 0.14468490842067103
2.273465883647797 0.13821773574550483
2.274687614124193 0.13182961363347845
2.275909344600589 0.12551548477221544
2.277131075076985 0.119226905029081
2.278352805553381 0.11307675941176369
2.2795745360297768 0.10718274344375685
2.2807962665061727 0.10154366980727952
2.2820179969825687 0.0960162624572479
2.2832397274589646 0.09051044010652536
2.2844614579353606 0.08508363651792995
2.2856831884117566 0.07980682458094004
2.2869049188881525 0.07472491922105871
2.2881266493645485 0.06980592902516253
2.2893483798409444 0.06500277784221628
2.2905701103173404 0.0603223709976464
2.2917918407937363 0.05579263969111494
2.2930135712701323 0.05150448716651911
2.2942353017465282 0.04748455484602096
2.295457032222924 0.0437022854470441
2.29667876269932 0.04016103464552789
2.297900493175716 0.03681866831898011
2.299122223652112 0.03359833006022898
2.300343954128508 0.030504162162132913
2.301565684604904 0.027606586618187073
2.3027874150813 0.024772446473013195
2.304009145557696 0.022079204984042065
2.305230876034092 0.019584595205723823
2.306452606510488 0.01715668948764056
2.3076743369868837 0.014766778542414014
2.3088960674632797 0.012490542654653963
2.3101177979396756 0.010362376890334007
2.3113395284160716 0.00841480522916668
2.3125612588924676 0.00670575845220118
2.3137829893688635 0.00524214068555472
2.3150047198452595 0.004004756937848055
2.3162264503216554 0.003003817446964313
2.3174481807980514 0.0021413304931061257
2.3186699112744473 0.0014093529142481926
2.3198916417508433 0.0008369884395507536
2.3211133722272392 0.00039222901530555545
2.322335102703635 8.952736342625957e-05
2.323556833180031 0.0
2.324778563656427 5.217492250691556e-05
2.326000294132823 0.0002777648965986658
2.327222024609219 0.0007692979579152951
2.328443755085615 0.0013985711678767734
2.329665485562011 0.002169280862640587
2.330887216038407 0.0030899162204033395
2.332108946514803 0.004130918978224303
2.333330676991199 0.005362016032350126
2.3345524074675947 0.006684471188965423
2.3357741379439907 0.00818663524649594
2.3369958684203866 0.009949416733865244
2.3382175988967826 0.011927395726082939
2.3394393293731786 0.014081936492949443
2.3406610598495745 0.01642535594053386
2.3418827903259705 0.018962987806791426
2.3431045208023664 0.021598975651098983
2.3443262512787624 0.024157706830436335
2.3455479817551583 0.02691788755765845
2.3467697122315543 0.030003651805953834
2.3479914427079502 0.033261736731200225
2.349213173184346 0.0365888847316883
2.350434903660742 0.04001113146135676
2.351656634137138 0.04360158651423677
2.352878364613534 0.047258404627703435
2.35410009508993 0.05098531139246672
2.355321825566326 0.05491105505572411
2.356543556042722 0.059066720061027596
2.357765286519118 0.06338411735501691
2.358987016995514 0.0678610016622092
2.36020874747191 0.07244983060654851
2.3614304779483057 0.0771024724067532
2.3626522084247017 0.0818375642040031
2.3638739389010976 0.08671295258016903
2.3650956693774936 0.09173192529993401
2.3663173998538896 0.09686751125514853
2.3675391303302855 0.10217450723441404
2.3687608608066815 0.10765848331823105
2.3699825912830774 0.11330863355569173
2.3712043217594734 0.11907527202196255
2.3724260522358693 0.12488587320533553
2.3736477827122653 0.13075704554876472
2.3748695131886612 0.13663575250021615
2.376091243665057 0.14261683171576955
2.377312974141453 0.14865138491131694
2.378534704617849 0.15472783169232668
2.379756435094245 0.16086504280947495
2.380978165570641 0.16716523575318437
2.382199896047037 0.1735270397614864
2.383421626523433 0.17976266614741376
2.384643356999829 0.18602538530015592
2.385865087476225 0.1922052845304853
2.387086817952621 0.19856310866143423
2.3883085484290167 0.20497913343378651
2.3895302789054127 0.21132702787352464
2.3907520093818087 0.21769209858901187
2.3919737398582046 0.22412120542927663
2.3931954703346006 0.23052103757176182
2.3944172008109965 0.2368959405973687
2.3956389312873925 0.2431526492820157
2.3968606617637884 0.2496047724748519
2.3980823922401844 0.2562502604883279
2.3993041227165803 0.2627170382701982
2.4005258531929763 0.26918381791369045
2.4017475836693722 0.2758013923260584
2.402969314145768 0.28247982264493793
2.404191044622164 0.28923402444260676
2.40541277509856 0.29604176105199326
2.406634505574956 0.3028857192439179
2.407856236051352 0.30961918052927506
2.409077966527748 0.31615994685906684
2.410299697004144 0.32259157253922927
2.41152142748054 0.3290827129631482
2.412743157956936 0.3357140356612043
2.413964888433332 0.34251262929618265
2.4151866189097277 0.34930130866736825
2.4164083493861237 0.35611626489558484
2.4176300798625197 0.36294643796196024
2.4188518103389156 0.36989912047196205
2.4200735408153116 0.3769732875277437
2.4212952712917075 0.38406602516375166
2.4225170017681035 0.3912503422518807
2.4237387322444994 0.3985133535352363
2.4249604627208954 0.40585158227126017
2.4261821931972913 0.41321631860156127
2.4274039236736873 0.4206537299114926
2.4286256541500832 0.4281309908824497
2.429847384626479 0.43569456724494215
2.431069115102875 0.4433929485357747
2.432290845579271 0.4512473613545442
2.433512576055667 0.45910739306706755
2.434734306532063 0.46698301108062595
2.435956037008459 0.4749753899025943
2.437177767484855 0.4830692549266841
2.438399497961251 0.4911729376671067
2.439621228437647 0.4990133494013914
2.440842958914043 0.5068078168348746
2.4420646893904387 0.5145361772446592
2.4432864198668347 0.5222895829534825
2.4445081503432307 0.530133277208672
2.4457298808196266 0.538014229230844
2.4469516112960226 0.5460024049290453
2.4481733417724185 0.5540001531703057
2.4493950722488145 0.5620282895784502
2.4506168027252104 0.5702012875824419
2.4518385332016064 0.5784338701745305
2.4530602636780023 0.5868025088310258
2.4542819941543983 0.5953078698072005
2.4555037246307942 0.603847096121344
2.45672545510719 0.6123948988017068
2.457947185583586 0.6209791525238009
2.459168916059982 0.6296409457157591
2.460390646536378 0.638396244048714
2.461612377012774 0.6471938725647479
2.46283410748917 0.6560629834814086
2.464055837965566 0.6648230781457786
2.465277568441962 0.6736248795491739
2.466499298918358 0.6825853782727329
2.467721029394754 0.6915971403240968
2.4689427598711498 0.7006078730812159
2.4701644903475457 0.7096097483888273
2.4713862208239417 0.718808513629582
2.4726079513003376 0.728127738757273
2.4738296817767336 0.7375647402162954
2.4750514122531295 0.7471759396968218
2.4762731427295255 0.7568479873349769
2.4774948732059214 0.7666146290265229
2.4787166036823174 0.7765213965533209
2.4799383341587133 0.7865808654355195
2.4811600646351093 0.7967030848427424
2.4823817951115053 0.8069695962241075
2.483603525587901 0.8173614716974985
2.484825256064297 0.8278387735306746
2.486046986540693 0.8382273254362346
2.487268717017089 0.8487512867111241
2.488490447493485 0.8593088742953137
2.489712177969881 0.8700700406621397
2.490933908446277 0.8809506631506561
2.492155638922673 0.8919906880557822
2.493377369399069 0.9031364107854858
2.494599099875465 0.9144171501710809
2.4958208303518608 0.9258199766668244
2.4970425608282567 0.9374311843805213
2.4982642913046527 0.9491787372013505
2.4994860217810486 0.9610902995637332
2.5007077522574446 0.9732367007753452
2.5019294827338405 0.9854941202779102
2.5031512132102365 0.9979129435664241
2.5043729436866324 1.0105027932046604
2.5055946741630284 1.0233178982301852
2.5068164046394243 1.0363105163533393
2.5080381351158203 1.0495088502455356
2.5092598655922163 1.0629500902990618
2.510481596068612 1.076574809852273
2.511703326545008 1.0904408544530704
2.512925057021404 1.1043920195772565
2.5141467874978 1.118503385860689
2.515368517974196 1.132795012839972
2.516590248450592 1.1471292300365479
2.517811978926988 1.1616095414690262
2.519033709403384 1.1763311732990713
2.52025543987978 1.1911765694533016
2.521477170356176 1.2057580743003848
2.5226989008325718 1.2204352539369574
2.5239206313089677 1.2350665240801657
2.5251423617853637 1.2498607819024705
2.5263640922617596 1.2648904331847
2.5275858227381556 1.2801041144020893
2.5288075532145515 1.2955250353245507
2.5300292836909475 1.311042320181902
2.5312510141673434 1.3266358325837695
2.5324727446437394 1.3423873959980572
2.5336944751201353 1.3583546723647295
2.5349162055965313 1.3744758527313028
2.5361379360729273 1.3908070218754298
2.537359666549323 1.4072280370481403
2.538581397025719 1.4238468791488192
2.539803127502115 1.4405768306042057
2.541024857978511 1.4573115346086956
2.542246588454907 1.4740456306784997
2.543468318931303 1.4908893920500543
2.544690049407699 1.507793455970997
2.545911779884095 1.524695190825942
2.547133510360491 1.5416031380406663
2.548355240836887 1.5587272800300644
2.5495769713132828 1.575894122997978
2.5507987017896787 1.593180387752472
2.5520204322660747 1.6105484911105175
2.5532421627424706 1.6280847016478774
2.5544638932188666 1.6457139652994874
2.5556856236952625 1.663476585533362
2.5569073541716585 1.6811911381148146
2.5581290846480544 1.6988956988119162
2.5593508151244504 1.7166491199238882
2.5605725456008464 1.7344795729389089
2.5617942760772423 1.7524368694833432
2.5630160065536383 1.7704832029242308
2.564237737030034 1.7885070527598288
2.56545946750643 1.8064964887478114
2.566681197982826 1.8244806033156338
2.567902928459222 1.8425253159342265
2.569124658935618 1.86054626199306
2.570346389412014 1.8786630500360015
2.57156811988841 1.896785302943933
2.572789850364806 1.9149628554950107
2.574011580841202 1.9331909954900464
2.575233311317598 1.951438098405976
2.5764550417939938 1.9696751785520423
2.5776767722703897 1.9877900156689619
2.5788985027467857 2.0057287740600307
2.5801202332231816 2.0236075320811904
2.5813419636995776 2.041445443726456
2.5825636941759735 2.0592419630567957
2.5837854246523695 2.0770724106138703
2.5850071551287654 2.0947599264678587
2.5862288856051614 2.112346351262377
2.5874506160815574 2.12982999621165
2.5886723465579533 2.147161586790523
2.5898940770343493 2.1641021736405306
2.591115807510745 2.180829824660852
2.592337537987141 2.197310780479461
2.593559268463537 2.2136015320129285
2.594780998939933 2.2297942814366705
2.596002729416329 2.2458230628949285
2.597224459892725 2.2616986106096073
2.598446190369121 2.2773100212549706
2.599667920845517 2.292849233912118
2.600889651321913 2.3082459207507156
2.602111381798309 2.323432493049553
2.6033331122747048 2.338314779205448
2.6045548427511007 2.353099269009551
2.6057765732274967 2.3676103380983635
2.6069983037038926 2.381841724706264
2.6082200341802886 2.3957539005352992
2.6094417646566845 2.4093049526140375
2.6106634951330805 2.422575739013711
2.6118852256094764 2.4356832074780184
2.6131069560858724 2.4486065117283373
2.6143286865622684 2.4612785976854306
2.6155504170386643 2.473717034549772
2.6167721475150603 2.4857515165948163
