-0.2617993877991494 1.3249895231083997
-0.2607521902479528 1.3236299631543034
-0.25970499269675623 1.3223195688645148
-0.25865779514555964 1.3207882122007106
-0.25761059759436306 1.3191609738672696
-0.25656340004316647 1.317434099725972
-0.2555162024919699 1.3153736818269408
-0.2544690049407733 1.3130929873756827
-0.2534218073895767 1.3107371727404313
-0.2523746098383801 1.3082466103206514
-0.2513274122871835 1.3053420283239063
-0.25028021473598694 1.3022391661906738
-0.24923301718479035 1.2990433744336656
-0.24818581963359376 1.2958779019314761
-0.24713862208239717 1.2927267518194299
-0.2460914245312006 1.2895701317603994
-0.245044226980004 1.286241407681814
-0.2439970294288074 1.2827114760607117
-0.24294983187761082 1.2793660621746028
-0.24190263432641423 1.2761798244883948
-0.24085543677521765 1.2730487420950851
-0.23980823922402106 1.2696589906080078
-0.23876104167282447 1.2661359923784232
-0.23771384412162788 1.2618501727870637
-0.2366666465704313 1.2570825219804078
-0.2356194490192347 1.2523608732070102
-0.23457225146803812 1.247342084029384
-0.23352505391684153 1.2418548314225575
-0.23247785636564494 1.235837354813384
-0.23143065881444835 1.2298869863644768
-0.23038346126325177 1.2236492796803589
-0.22933626371205518 1.2172659708591027
-0.2282890661608586 1.210422202118508
-0.227241868609662 1.203519338385206
-0.2261946710584654 1.1965904292435994
-0.22514747350726882 1.1896085244700885
-0.22410027595607224 1.1827710233095274
-0.22305307840487565 1.1758357921229106
-0.22200588085367906 1.1682707475848133
-0.22095868330248247 1.160771275557181
-0.21991148575128588 1.1535003853637136
-0.2188642882000893 1.1461340650832597
-0.2178170906488927 1.1388832316449111
-0.21676989309769612 1.1316464569758864
-0.21572269554649953 1.1244345127603026
-0.21467549799530294 1.116787095740733
-0.21362830044410636 1.1091439541330885
-0.21258110289290977 1.101650720082631
-0.21153390534171318 1.0942621641152925
-0.2104867077905166 1.0867583912923635
-0.20943951023932 1.0791942683771936
-0.20839231268812342 1.0716284581794753
-0.20734511513692683 1.064101172915315
-0.20629791758573024 1.0565253474262875
-0.20525072003453365 1.0489451938501304
-0.20420352248333706 1.041506375898308
-0.20315632493214048 1.0340914046748253
-0.2021091273809439 1.0266472177367234
-0.2010619298297473 1.0188401219126035
-0.2000147322785507 1.010775535832522
-0.19896753472735412 1.002861788690808
-0.19792033717615753 0.9949165238706712
-0.19687313962496095 0.9871050662758876
-0.19582594207376436 0.9792009208920263
-0.19477874452256777 0.9715748388844929
-0.19373154697137118 0.964162068451202
-0.1926843494201746 0.956747529631599
-0.191637151868978 0.9490263744205265
-0.19058995431778142 0.9413036965423487
-0.18954275676658483 0.9336164234222224
-0.18849555921538824 0.9260496941886345
-0.18744836166419165 0.9184795161084764
-0.18640116411299507 0.9110148523608643
-0.18535396656179848 0.9034130885951299
-0.1843067690106019 0.8958261437567785
-0.1832595714594053 0.8881758310297698
-0.1822123739082087 0.8801845356661318
-0.18116517635701213 0.8722032177000187
-0.18011797880581554 0.8642024834678921
-0.17907078125461895 0.8557878923920157
-0.17802358370342236 0.8473410433752235
-0.17697638615222577 0.8390474448457041
-0.17592918860102918 0.8305836493125014
-0.1748819910498326 0.8216285375139591
-0.173834793498636 0.8122165900449261
-0.17278759594743942 0.8027901985945505
-0.17174039839624283 0.793684689521541
-0.17069320084504624 0.7848397796790891
-0.16964600329384966 0.7761359786410935
-0.16859880574265307 0.7673415865172899
-0.16755160819145648 0.7584986795880866
-0.1665044106402599 0.749483970550898
-0.1654572130890633 0.7406330035810527
-0.16441001553786672 0.7316759124527152
-0.16336281798667013 0.7228847038045387
-0.16231562043547354 0.7139448346605661
-0.16126842288427695 0.7054353492150369
-0.16022122533308036 0.6972809574470773
-0.15917402778188378 0.6890543512982674
-0.1581268302306872 0.6809992501232216
-0.1570796326794906 0.6730080282860911
-0.156032435128294 0.6650137000178518
-0.15498523757709742 0.657205308862558
-0.15393804002590084 0.6494479953829853
-0.15289084247470425 0.6417488694504812
-0.15184364492350766 0.6339965337656395
-0.15079644737231107 0.6262659611013532
-0.14974924982111448 0.6185802684614146
-0.1487020522699179 0.6108397521763607
-0.1476548547187213 0.6033010812570581
-0.14660765716752472 0.5959220487263792
-0.14556045961632813 0.5887681609276001
-0.14451326206513154 0.5817082383726131
-0.14346606451393495 0.5745695745802664
-0.14241886696273837 0.5674786536187639
-0.14137166941154178 0.5602941197687414
-0.1403244718603452 0.5528652577987145
-0.1392772743091486 0.5457076486413541
-0.13823007675795201 0.5386057065562966
-0.13718287920675543 0.5314256676682874
-0.13613568165555884 0.5242742465445076
-0.13508848410436225 0.5172285724864878
-0.13404128655316566 0.5099940657225375
-0.13299408900196907 0.502843138609137
-0.13194689145077249 0.49585296090697284
-0.1308996938995759 0.4888496124743824
-0.1298524963483793 0.4818067353423032
-0.12880529879718272 0.4748558528264084
-0.12775810124598613 0.4680991178520628
-0.12671090369478955 0.46123795676416535
-0.12566370614359296 0.45438084240149124
-0.12461650859239637 0.4475444426120987
-0.12356931104119978 0.44101457485768947
-0.12252211349000319 0.4344993742858776
-0.1214749159388066 0.4278801111110795
-0.12042771838761002 0.4212848426448943
-0.11938052083641343 0.4150131203625733
-0.11833332328521684 0.40900038163101726
-0.11728612573402025 0.403015057217317
-0.11623892818282366 0.39697730268824216
-0.11519173063162708 0.3910092119554349
-0.11414453308043049 0.3849592291924182
-0.1130973355292339 0.37920706002543625
-0.11205013797803731 0.37328144878662783
-0.11100294042684072 0.3673761599255556
-0.10995574287564414 0.3613328123840631
-0.10890854532444755 0.35550836646228845
-0.10786134777325096 0.3497821306016533
-0.10681415022205437 0.3444123754685222
-0.10576695267085778 0.339407044873667
-0.1047197551196612 0.334476036280023
-0.10367255756846461 0.32957976853876403
-0.10262536001726802 0.3246273635066075
-0.10157816246607143 0.3197056465805872
-0.10053096491487484 0.314806964699045
-0.09948376736367825 0.3096375124216024
-0.09843656981248167 0.3044537448261906
-0.09738937226128508 0.29937666211284863
-0.09634217471008849 0.29386894533882923
-0.0952949771588919 0.28831536673209257
-0.09424777960769531 0.28252180004469096
-0.09320058205649873 0.27685251425810975
-0.09215338450530214 0.2714311047722049
-0.09110618695410555 0.2660836053863136
-0.09005898940290896 0.2607917103563011
-0.08901179185171237 0.25552950310043343
-0.08796459430051579 0.25059688769397326
-0.0869173967493192 0.24585649776329888
-0.08587019919812261 0.24113822430348364
-0.08482300164692602 0.23666836853044515
-0.08377580409572943 0.23246272326619533
-0.08272860654453285 0.22794176066184946
-0.08168140899333626 0.2229492246731013
-0.08063421144213967 0.21790740168415823
-0.07958701389094308 0.21321061907573835
-0.0785398163397465 0.20853239992635508
-0.0774926187885499 0.20367087737315615
-0.07644542123735332 0.1989089510047961
-0.07539822368615673 0.19421636935857123
-0.07435102613496014 0.1898127138030361
-0.07330382858376355 0.18548387437471092
-0.07225663103256696 0.1813662252826873
-0.07120943348137038 0.177073829777612
-0.07016223593017379 0.17289159436845125
-0.0691150383789772 0.16883045629151638
-0.06806784082778061 0.16461403056675294
-0.06702064327658402 0.16071866321297534
-0.06597344572538744 0.15671768073841008
-0.06492624817419085 0.15267903455153942
-0.06387905062299426 0.14880094362888485
-0.06283185307179767 0.14501159942696518
-0.061784655520601084 0.1411601550236128
-0.060737457969404496 0.13722132553246524
-0.05969026041820791 0.1334399780456863
-0.05864306286701132 0.1297986114219043
-0.05759586531581473 0.12636122740440214
-0.056548667764618143 0.1232559504863957
-0.055501470213421555 0.12059179521304486
-0.05445427266222497 0.1180879796200145
-0.05340707511102838 0.11547646910014464
-0.05235987755983179 0.11270848088969387
-0.0513126800086352 0.10997722106819197
-0.050265482457438615 0.10752753447738428
-0.04921828490624203 0.10492534794570929
-0.04817108735504544 0.10243725375488566
-0.04712388980384885 0.10009399289697285
-0.04607669225265226 0.09774431780422788
-0.045029494701455675 0.09565301215528166
-0.043982297150259086 0.09361764691806229
-0.0429350995990625 0.09166653789645807
-0.04188790204786591 0.08987605477821603
-0.04084070449666932 0.08820079092274113
-0.039793506945472734 0.0866718813633156
-0.038746309394276146 0.0850407289695454
-0.03769911184307956 0.08299812631625514
-0.03665191429188297 0.08038634075728623
-0.03560471674068638 0.07775917956837475
-0.034557519189489794 0.07501859897649865
-0.033510321638293206 0.0722200718298609
-0.03246312408709662 0.06965166349752394
-0.03141592653590003 0.0672106079914272
-0.03036872898470344 0.06480108120834416
-0.029321531433506853 0.062327262980886644
-0.028274333882310265 0.0597241086146596
-0.027227136331113677 0.05717212560415419
-0.02617993877991709 0.05426917321412361
-0.0251327412287205 0.05100043891513906
-0.024085543677523913 0.04765027859710358
-0.023038346126327325 0.04459291766713136
-0.021991148575130737 0.04167535888399243
-0.02094395102393415 0.03888112571581814
-0.01989675347273756 0.03575937294183973
-0.018849555921540972 0.03279680380461514
-0.017802358370344384 0.03009061213455766
-0.016755160819147796 0.027732368602130464
-0.015707963267951208 0.025555393927277237
-0.01466076571675462 0.023430073110034755
-0.013613568165558032 0.02165308760712037
-0.012566370614361444 0.020229849252785925
-0.011519173063164856 0.018881721763591486
-0.010471975511968268 0.01780614962240179
-0.00942477796077168 0.016572951881187237
-0.008377580409575092 0.015358417360033627
-0.0073303828583785036 0.014176133398507318
-0.0062831853071819155 0.012704176188350402
-0.005235987755985327 0.011156517843033953
-0.004188790204788739 0.009935032988636294
-0.0031415926535921512 0.008798633418933832
-0.002094395102395563 0.007587413174292124
-0.001047197551198975 0.006592860184440497
-2.3869795029440866e-15 0.005857843883632086
0.001047197551194201 0.005269265430541736
0.002094395102390789 0.004396374796215241
0.0031415926535873773 0.0037698735133062655
0.004188790204783965 0.0029216931157520776
0.0052359877559805534 0.0020713799587497306
0.0062831853071771415 0.0011494776237839233
0.00733038285837373 0.0004939366824601166
0.008377580409570318 0.00014530322181371957
0.009424777960766906 0.0
0.010471975511963494 5.394795556412646e-05
0.011519173063160082 0.00014365551143669109
0.01256637061435667 0.00013619138064768777
0.013613568165553258 0.0003493812203885227
0.014660765716749846 0.0009930023596496085
0.015707963267946434 0.0015417833164974581
0.016755160819143022 0.0021381652588559064
0.01780235837033961 0.0028713488509879426
0.0188495559215362 0.003251814901943817
0.019896753472732787 0.003939461424437241
0.020943951023929375 0.0049130299689750245
0.021991148575125963 0.0056706289574322
0.02303834612632255 0.006255759722222365
0.02408554367751914 0.007054123040632021
0.025132741228715727 0.008032814473381222
0.026179938779912315 0.009037098795374732
0.027227136331108903 0.01012644269465568
0.02827433388230549 0.01124204334232104
0.02932153143350208 0.012586012991391726
0.030368728984698667 0.013704493948381469
0.031415926535895256 0.014985670606705526
0.032463124087091844 0.01654437526502761
0.03351032163828843 0.018488418033427934
0.03455751918948502 0.0204475530763375
0.03560471674068161 0.022559346285987658
0.036651914291878196 0.024683183115911334
0.037699111843074784 0.02668823444037116
0.03874630939427137 0.02882540402654854
0.03979350694546796 0.03120924237683198
0.04084070449666455 0.033886126704373964
0.041887902047861136 0.03653757718231532
0.042935099599057724 0.039406097154596864
0.04398229715025431 0.04240368319284471
0.0450294947014509 0.04570103055058894
0.04607669225264749 0.04902506431054121
0.04712388980384408 0.0525552181456419
0.048171087355040665 0.056374010575950706
0.04921828490623725 0.06023135875275898
0.05026548245743384 0.0641583096218028
0.05131268000863043 0.06849205450043883
0.05235987755982702 0.07282833083706919
0.053407075111023605 0.07707591678254744
0.05445427266222019 0.08136998728076605
0.05550147021341678 0.0856787839568085
0.05654866776461337 0.09029767541923661
0.05759586531580996 0.09494121637078479
0.058643062867006546 0.09973709012112408
0.059690260418203134 0.10458990707513749
0.06073745796939972 0.10941591428579045
0.06178465552059631 0.11452546762316729
0.0628318530717929 0.11999598431177105
0.06387905062298949 0.1256569894385393
0.06492624817418607 0.13108997887422902
0.06597344572538266 0.13662633822517023
0.06702064327657925 0.14219352735028679
0.06806784082777584 0.14787965398625147
0.06911503837897243 0.15347863947002338
0.07016223593016901 0.15945048460991984
0.0712094334813656 0.16585811666010386
0.07225663103256219 0.17244722635263088
0.07330382858375878 0.17886511680123363
0.07435102613495537 0.1851578895420687
0.07539822368615196 0.19169080703289865
0.07644542123734854 0.1984818613214543
0.07749261878854513 0.20542970033881147
0.07853981633974172 0.21222694650026597
0.07958701389093831 0.21914999007856295
0.0806342114421349 0.2259908507537034
0.08168140899333148 0.23294522308972887
0.08272860654452807 0.23967212725204945
0.08377580409572466 0.24598470547857687
0.08482300164692125 0.2523628644940743
0.08587019919811784 0.2588061954963905
0.08691739674931442 0.2653328451581558
0.08796459430051101 0.2719766082352919
0.0890117918517076 0.2786411427082669
0.09005898940290419 0.28485892268534485
0.09110618695410078 0.29110181054551276
0.09215338450529736 0.2973566247819974
0.09320058205649395 0.30375685982807
0.09424777960769054 0.31050448584656465
0.09529497715888713 0.3175047123782804
0.09634217471008372 0.3242499891265993
0.0973893722612803 0.3308104187758545
0.09843656981247689 0.337302970314596
0.09948376736367348 0.343955294377281
0.10053096491487007 0.3507723425274776
0.10157816246606666 0.357537532549685
0.10262536001726325 0.36445357708853976
0.10367255756845983 0.37166118787706637
0.10471975511965642 0.37860569715158476
0.10576695267085301 0.3854170142295743
0.1068141502220496 0.3923139517794141
0.10786134777324619 0.3992695118708127
0.10890854532444277 0.4062111183106367
0.10995574287563936 0.413293874164367
0.11100294042683595 0.4204182559211631
0.11205013797803254 0.4277943593064606
0.11309733552922913 0.4351239254671384
0.11414453308042571 0.4422397843081285
0.1151917306316223 0.449347918264948
0.11623892818281889 0.4566857134910265
0.11728612573401548 0.4642560241706519
0.11833332328521207 0.4718953301911597
0.11938052083640865 0.4796889339683048
0.12042771838760524 0.4878064683617538
0.12147491593880183 0.4960691621193689
0.12252211348999842 0.5043397671872469
0.123569311041195 0.5129112427447637
0.1246165085923916 0.52160906781873
0.12566370614358818 0.5301579864081987
0.12671090369478477 0.5387774669332259
0.12775810124598136 0.5476687929555908
0.12880529879717795 0.5568476881535673
0.12985249634837454 0.5661708597815505
0.13089969389957112 0.5753454084460827
0.1319468914507677 0.5845921919740817
0.1329940890019643 0.5941163781925525
0.1340412865531609 0.6040173746601738
0.13508848410435748 0.6139632380005082
0.13613568165555406 0.6239277449360259
0.13718287920675065 0.6336032141825854
0.13823007675794724 0.6434203243000809
0.13927727430914383 0.6533061060984835
0.14032447186034042 0.6628234394738968
0.141371669411537 0.6723463466521196
0.1424188669627336 0.6817025526745795
0.14346606451393018 0.6914645540952336
0.14451326206512677 0.7012116840497526
0.14556045961632336 0.71057176395135
0.14660765716751994 0.719716467346359
0.14765485471871653 0.7288181469857875
0.14870205226991312 0.7379484847837716
0.1497492498211097 0.7472411931636316
0.1507964473723063 0.7566535760531394
0.15184364492350289 0.765831189087379
0.15289084247469947 0.7751406364000388
0.15393804002589606 0.7844067072510654
0.15498523757709265 0.7938596829004894
0.15603243512828924 0.8033592523701998
0.15707963267948583 0.8126389069014692
0.1581268302306824 0.8217648973454459
0.159174027781879 0.8305134690945977
0.1602212253330756 0.8394309569330289
0.16126842288427218 0.8482266178394013
0.16231562043546877 0.8571683954163802
0.16336281798666535 0.8665001919689246
0.16441001553786194 0.87588441231199
0.16545721308905853 0.8853151568111457
0.16650441064025512 0.8942657435680417
0.1675516081914517 0.9032175515150129
0.1685988057426483 0.9124594417037599
0.16964600329384488 0.9216897487101221
0.17069320084504147 0.9306647416536293
0.17174039839623806 0.9393519602656681
0.17278759594743465 0.948088961673136
0.17383479349863123 0.9565734314654719
0.17488199104982782 0.9651818203468281
0.1759291886010244 0.9740794892480267
0.176976386152221 0.9831566395358777
0.1780235837034176 0.9921206564897602
0.17907078125461418 1.0007702443475068
0.18011797880581076 1.0092608314416793
0.18116517635700735 1.0178537908290082
0.18221237390820394 1.0264105954950367
0.18325957145940053 1.0346043865207264
0.18430676901059712 1.0428109025245647
0.1853539665617937 1.0511239951016478
0.1864011641129903 1.059313630316808
0.18744836166418688 1.067321744890961
0.18849555921538347 1.0754629083992313
0.18954275676658006 1.083582521100709
0.19058995431777664 1.0917938881667055
0.19163715186897323 1.099986179274083
0.19268434942016982 1.1082245395187158
0.1937315469713664 1.1163647113934019
0.194778744522563 1.1244303562581308
0.19582594207375958 1.1318119606791583
0.19687313962495617 1.1390434255480102
0.19792033717615276 1.1462152146642097
0.19896753472734935 1.1533639456644948
0.20001473227854594 1.1600998381940713
0.20106192982974253 1.1666914060823217
0.2021091273809391 1.173227459979671
0.2031563249321357 1.1796976468164075
0.2042035224833323 1.1860624613217112
0.20525072003452888 1.192235334387476
0.20629791758572547 1.1984411352313202
0.20734511513692205 1.20438706777
0.20839231268811864 1.21026467647971
0.20943951023931523 1.216244772309068
0.21048670779051182 1.222391458550618
0.2115339053417084 1.2284644828719138
0.212581102892905 1.2345548893052296
0.21362830044410158 1.2405889620042672
0.21467549799529817 1.246609371016035
0.21572269554649476 1.252705685337844
0.21676989309769135 1.258983183135598
0.21781709064888793 1.2650780144532803
0.21886428820008452 1.2709061350045374
0.2199114857512811 1.276130154721784
0.2209586833024777 1.2813214091643204
0.2220058808536743 1.2863525208590545
0.22305307840487087 1.2913129819867777
0.22410027595606746 1.2958007201264365
0.22514747350726405 1.299836250441217
0.22619467105846064 1.3037371147928525
0.22724186860965723 1.307375946606527
0.22828906616085382 1.3107289047234474
0.2293362637120504 1.3131594326721086
0.230383461263247 1.315447049145945
0.23143065881444358 1.317592996481693
0.23247785636564017 1.31967819701174
0.23352505391683676 1.3216224925004667
0.23457225146803334 1.3233512590337284
0.23561944901922993 1.324894650687554
0.23666664657042652 1.3261729895533279
0.2377138441216231 1.3270942253323028
0.2387610416728197 1.3281732936823119
0.23980823922401634 1.3292967751984008
0.24085543677521287 1.3304364847291765
0.2419026343264094 1.3311978398511428
0.24294983187760605 1.3318350057068358
0.2439970294288027 1.332055027934473
0.24504422697999922 1.332202801054649
0.24609142453119576 1.332309234193957
0.2471386220823924 1.3326450426416727
0.24818581963358904 1.3327886717610795
0.24923301718478558 1.3329489747688115
0.2502802147359821 1.3330933507739076
0.25132741228717875 1.3330771554379055
0.2523746098383754 1.3330066570603094
0.25342180738957193 1.3325328844052535
0.25446900494076846 1.3317110845641196
0.2555162024919651 1.3307983128113392
0.25656340004316175 1.3298723478245051
0.2576105975943583 1.328831250989623
0.2586577951455548 1.327793546514357
0.25970499269675146 1.3264860869589938
0.2607521902479481 1.3249895231083997
