-2.5481807079117256 0.6653562988149702
-2.54678444451013 0.6610930325214781
-2.545388181108535 0.6567234383596485
-2.5439919177069394 0.6522885778486511
-2.542595654305344 0.6477558628223505
-2.5411993909037487 0.6431029223213329
-2.5398031275021533 0.6383493329391285
-2.538406864100558 0.6335418877227994
-2.5370106006989626 0.6286575059807831
-2.535614337297367 0.6237335656991831
-2.534218073895772 0.6187493793607359
-2.5328218104941764 0.613680326954352
-2.531425547092581 0.608482056086217
-2.5300292836909857 0.6031376933913748
-2.5286330202893903 0.5977017386800014
-2.527236756887795 0.5922130805529093
-2.5258404934861995 0.586651975816892
-2.524444230084604 0.5810417461078714
-2.523047966683009 0.5753684960767771
-2.5216517032814134 0.5696797847007531
-2.520255439879818 0.5639761325156201
-2.5188591764782227 0.5582360415995993
-2.5174629130766273 0.5524247096512056
-2.516066649675032 0.5465571992604055
-2.5146703862734365 0.5406422336149603
-2.513274122871841 0.5346525999456446
-2.5118778594702458 0.5286544874230685
-2.5104815960686504 0.5226174372404557
-2.509085332667055 0.5165512850383323
-2.5076890692654596 0.5104700830911213
-2.5062928058638643 0.5043647231621549
-2.504896542462269 0.4982714229081182
-2.5035002790606735 0.49217393881772864
-2.502104015659078 0.4860635075512221
-2.5007077522574828 0.4798929156790166
-2.4993114888558874 0.473698848719323
-2.497915225454292 0.46750584186310107
-2.4965189620526966 0.4613137628859363
-2.4951226986511013 0.4551191746394352
-2.493726435249506 0.4488444085193919
-2.4923301718479105 0.44253597476779305
-2.490933908446315 0.4362567357745206
-2.4895376450447197 0.4300092193603291
-2.4881413816431244 0.4237659631146755
-2.486745118241529 0.41750587990620147
-2.4853488548399336 0.411265551174381
-2.4839525914383382 0.4050011009381933
-2.482556328036743 0.3987393562464092
-2.4811600646351475 0.3924460742493352
-2.479763801233552 0.38618846226594883
-2.4783675378319567 0.3799724922742769
-2.4769712744303614 0.37379531601845883
-2.475575011028766 0.36761225138306486
-2.4741787476271706 0.36139721277501735
-2.4727824842255752 0.3551770355488202
-2.47138622082398 0.3489855705675211
-2.4699899574223845 0.3427953427445516
-2.468593694020789 0.3366461802490619
-2.4671974306191937 0.33050056244394455
-2.4658011672175983 0.32434391018142605
-2.464404903816003 0.31820789902693036
-2.4630086404144076 0.31205198692805425
-2.461612377012812 0.3059388918740922
-2.460216113611217 0.2998416497423193
-2.4588198502096215 0.29381022622908404
-2.457423586808026 0.2878497500051935
-2.4560273234064307 0.2819329628310072
-2.4546310600048353 0.27604767691261145
-2.45323479660324 0.2701968199923215
-2.4518385332016446 0.26437024043158885
-2.450442269800049 0.2585776794367689
-2.449046006398454 0.2528204936028544
-2.4476497429968584 0.24708545780291047
-2.446253479595263 0.24133533106154914
-2.4448572161936677 0.23561237925960654
-2.4434609527920723 0.22993062032392686
-2.442064689390477 0.22427943095254932
-2.4406684259888816 0.21869341071746362
-2.439272162587286 0.21313913322018152
-2.437875899185691 0.20761773263836858
-2.4364796357840954 0.20213076860909496
-2.4350833723825 0.1966262966436716
-2.4336871089809047 0.19115568155004325
-2.4322908455793093 0.1857118534502149
-2.430894582177714 0.18035719986900745
-2.4294983187761185 0.17506520668072767
-2.428102055374523 0.1697943433729847
-2.426705791972928 0.16458902759092098
-2.4253095285713324 0.15946597816000008
-2.423913265169737 0.15439958427572265
-2.4225170017681417 0.149358759378174
-2.4211207383665463 0.1444040888717666
-2.419724474964951 0.13953140983591084
-2.4183282115633555 0.13474157214221805
-2.41693194816176 0.13000812345589452
-2.415535684760165 0.12535803083022756
-2.4141394213585694 0.12079309043363651
-2.412743157956974 0.11630904043892087
-2.4113468945553787 0.11187826512619381
-2.4099506311537833 0.1075055325277674
-2.408554367752188 0.10319827352850552
-2.4071581043505925 0.0989570863377196
-2.405761840948997 0.09479043135991105
-2.4043655775474018 0.09072318470322216
-2.4029693141458064 0.0867718294122426
-2.401573050744211 0.08291425718820733
-2.4001767873426156 0.0791498531311845
-2.3987805239410203 0.07546738156469246
-2.397384260539425 0.07189782248730126
-2.3959879971378295 0.06841010274945347
-2.394591733736234 0.06498918657993613
-2.3931954703346388 0.06164501263100419
-2.3917992069330434 0.05838959483077133
-2.390402943531448 0.055275059748566946
-2.3890066801298526 0.052262183276582164
-2.3876104167282572 0.04932484131916226
-2.386214153326662 0.04646102072425151
-2.3848178899250665 0.04367338816061306
-2.383421626523471 0.04097011367636583
-2.3820253631218757 0.03837627844151825
-2.3806290997202804 0.03590331100829758
-2.379232836318685 0.03352682812547414
-2.3778365729170896 0.031243961413053967
-2.3764403095154942 0.029019081422433146
-2.375044046113899 0.026933529700585268
-2.3736477827123035 0.02489597500613172
-2.372251519310708 0.022903428848280782
-2.3708552559091127 0.020994603725199568
-2.3694589925075173 0.019196057501972064
-2.368062729105922 0.01748396947508013
-2.3666664657043266 0.015871941166238912
-2.365270202302731 0.01429731580680027
-2.363873938901136 0.012816245702680362
-2.3624776754995405 0.0114261459045224
-2.361081412097945 0.010116783603336899
-2.3596851486963497 0.008914701363266886
-2.3582888852947543 0.007769551230438765
-2.356892621893159 0.00667974043636832
-2.3554963584915636 0.005663512728489195
-2.354100095089968 0.004762043774093172
-2.352703831688373 0.003954786884634132
-2.3513075682867774 0.0032026609858633037
-2.349911304885182 0.0024869045705315784
-2.3485150414835867 0.0018617559662175154
-2.3471187780819913 0.0013293952991944025
-2.345722514680396 0.0008839262978312945
-2.3443262512788006 0.0005553734202123906
-2.342929987877205 0.00032441055293475074
-2.34153372447561 0.00012990158242587313
-2.3401374610740144 3.2916159000251355e-05
-2.338741197672419 0.0
-2.3373449342708237 3.486835214516759e-05
-2.3359486708692283 0.00012960276438889196
-2.334552407467633 0.00030962243948806645
-2.3331561440660376 0.000606116596998163
-2.331759880664442 0.0009958886438425907
-2.330363617262847 0.0014673085788672324
-2.3289673538612514 0.0020087113986448912
-2.327571090459656 0.002576345749872644
-2.3261748270580607 0.0031399762106900653
-2.3247785636564653 0.0037437243288707123
-2.32338230025487 0.00437771618604188
-2.3219860368532745 0.0050814555142153495
-2.320589773451679 0.005866630728064592
-2.319193510050084 0.006733226723696362
-2.3177972466484884 0.0076946871073744205
-2.316400983246893 0.008721678776282715
-2.3150047198452977 0.00976519116082386
-2.3136084564437023 0.010859249829138662
-2.312212193042107 0.012013746165507655
-2.3108159296405115 0.013225104587718306
-2.309419666238916 0.01452047201647133
-2.3080234028373208 0.015860701780525233
-2.3066271394357254 0.0171641388676278
-2.30523087603413 0.018538200289412998
-2.3038346126325346 0.01993952639375607
-2.3024383492309393 0.021368624950326875
-2.301042085829344 0.02283978824141286
-2.2996458224277485 0.024319147859131363
-2.298249559026153 0.025848443582049185
-2.2968532956245578 0.027360863417158043
-2.2954570322229624 0.028847144563059146
-2.294060768821367 0.03038908081362024
-2.2926645054197716 0.031926223775968765
-2.2912682420181762 0.033458039399874906
-2.289871978616581 0.035013637412504295
-2.2884757152149855 0.036629659386022695
-2.28707945181339 0.03830650183272155
-2.2856831884117947 0.03996301046711892
-2.2842869250101994 0.041609519707861864
-2.282890661608604 0.04326941235424897
-2.2814943982070086 0.04498932439057057
-2.2800981348054132 0.04674785357937594
-2.278701871403818 0.04854941997228934
-2.2773056080022225 0.05037928702472527
-2.275909344600627 0.052264770958032614
-2.2745130811990317 0.05419020157194154
-2.2731168177974364 0.05608530376045451
-2.271720554395841 0.057961318285578045
-2.2703242909942456 0.05983907606457706
-2.26892802759265 0.06173759432201109
-2.267531764191055 0.06366416223241345
-2.2661355007894595 0.06554067847523015
-2.264739237387864 0.06740499814057443
-2.2633429739862687 0.06927796789696572
-2.2619467105846733 0.07116810444972543
-2.260550447183078 0.07307640244209779
-2.2591541837814826 0.07496881999355764
-2.257757920379887 0.0769064631536196
-2.256361656978292 0.07888579427606146
-2.2549653935766965 0.08088381489829999
-2.253569130175101 0.08280873383569087
-2.2521728667735057 0.084742117920797
-2.2507766033719103 0.08667089784395898
-2.249380339970315 0.08858188419202406
-2.2479840765687196 0.09049162231661967
-2.246587813167124 0.09236937526458178
-2.245191549765529 0.09419141882747795
-2.2437952863639334 0.09592939805887113
-2.242399022962338 0.09766070520811354
-2.2410027595607427 0.09934438932083367
-2.2396064961591473 0.10097841247704764
-2.238210232757552 0.10261582835585159
-2.2368139693559566 0.10425919584980647
-2.235417705954361 0.10589009536667504
-2.234021442552766 0.10748239682945382
-2.2326251791511704 0.10904768476711979
-2.231228915749575 0.1105932339911817
-2.2298326523479797 0.11209987133614163
-2.2284363889463843 0.11361349748526095
-2.227040125544789 0.11514790612321235
-2.2256438621431935 0.11667604401540643
-2.224247598741598 0.1181409302440386
-2.222851335340003 0.11949276123510799
-2.2214550719384074 0.12076617030697889
-2.220058808536812 0.12199285856323172
-2.2186625451352167 0.1231348808944972
-2.2172662817336213 0.12423927174768323
-2.215870018332026 0.1253236577106236
-2.2144737549304305 0.12634104621349707
-2.213077491528835 0.12723772576123338
-2.2116812281272398 0.12808500790276867
-2.2102849647256444 0.12890063612005065
-2.208888701324049 0.1296860011603087
-2.2074924379224536 0.1304241296053874
-2.2060961745208583 0.13106315894930276
-2.204699911119263 0.13166365189309204
-2.2033036477176675 0.13219948748215415
-2.201907384316072 0.1325799772072287
-2.2005111209144768 0.13288569575914266
-2.1991148575128814 0.13313904545245236
-2.197718594111286 0.1333881283616165
-2.1963223307096906 0.13362639790227604
-2.1949260673080953 0.13379074350510223
-2.1935298039065 0.13392440609399614
-2.1921335405049045 0.1340029533925815
-2.190737277103309 0.1340428921607213
-2.1893410137017137 0.13401792856433303
-2.1879447503001184 0.1339527062588104
-2.186548486898523 0.13387234131585046
-2.1851522234969276 0.13376037169203414
-2.1837559600953322 0.13359416112993472
-2.182359696693737 0.1334029901240399
-2.1809634332921415 0.13319576137766376
-2.179567169890546 0.13293896095365199
-2.1781709064889507 0.13260656004851512
-2.1767746430873554 0.13220823002808402
-2.17537837968576 0.13178454197242218
-2.1739821162841646 0.1313170788772311
-2.1725858528825692 0.13083707445821346
-2.171189589480974 0.13033255551167144
-2.1697933260793785 0.12979861308539853
-2.168397062677783 0.12924250606528176
-2.1670007992761877 0.12864759835261452
-2.1656045358745923 0.12800902097546896
-2.164208272472997 0.12732429559903835
-2.1628120090714016 0.1265854215942852
-2.161415745669806 0.1257721568850343
-2.160019482268211 0.124916170888838
-2.1586232188666155 0.1240095237823482
-2.15722695546502 0.12307505191046175
-2.1558306920634247 0.12213956904406587
-2.1544344286618293 0.1211766159441936
-2.153038165260234 0.12017656881468497
-2.1516419018586386 0.11913816170746827
-2.150245638457043 0.11807895474083807
-2.148849375055448 0.11695133014183057
-2.1474531116538524 0.11579352488143968
-2.146056848252257 0.1145749230674653
-2.1446605848506617 0.11327900083290388
-2.1432643214490663 0.11189595060628221
-2.141868058047471 0.11049139088410698
-2.1404717946458756 0.10905711103211502
-2.13907553124428 0.10761673330651433
-2.137679267842685 0.10614660822477617
-2.1362830044410894 0.10465308019118424
-2.134886741039494 0.10313671662805746
-2.1334904776378987 0.10163811124468225
-2.1320942142363033 0.10016992272724679
-2.130697950834708 0.0986963215690082
-2.1293016874331125 0.09719817343867021
-2.127905424031517 0.0956674905673367
-2.126509160629922 0.09413526424305019
-2.1251128972283264 0.09264344100401445
-2.123716633826731 0.09116560906005589
-2.1223203704251357 0.08972972430584036
-2.1209241070235403 0.08831294818998003
-2.119527843621945 0.08688225688473494
-2.1181315802203495 0.08552443253842057
-2.116735316818754 0.08420009682188834
-2.1153390534171588 0.08284825627202963
-2.1139427900155634 0.08152664708867974
-2.112546526613968 0.08024301150331326
-2.1111502632123726 0.07898550005080551
-2.1097539998107773 0.07776884524636785
-2.108357736409182 0.07658624612307108
-2.1069614730075865 0.07547162734073254
-2.105565209605991 0.07445022511964794
-2.1041689462043958 0.0734618707366792
-2.1027726828028004 0.07252212878890418
-2.101376419401205 0.07165644051892173
-2.0999801559996096 0.07084995601479704
-2.0985838925980143 0.07012698315736543
-2.097187629196419 0.06945107608532908
-2.0957913657948235 0.06880090520749604
-2.094395102393228 0.06824668047119076
-2.0929988389916327 0.0677414345693137
-2.0916025755900374 0.06728681650369595
-2.090206312188442 0.06691554940928768
-2.0888100487868466 0.0666405153174594
-2.0874137853852512 0.06640575752828681
-2.086017521983656 0.06628742399081489
-2.0846212585820605 0.06626856819795535
-2.083224995180465 0.06640382487589136
-2.0818287317788697 0.0666776862033771
-2.0804324683772744 0.06703962896023086
-2.079036204975679 0.06750459700063516
-2.0776399415740836 0.06804684563991259
-2.0762436781724882 0.06870909984320406
-2.074847414770893 0.06951117369951021
-2.0734511513692975 0.07036868740965474
-2.072054887967702 0.07132463515233667
-2.0706586245661067 0.07235111489404744
-2.0692623611645113 0.07348624615642052
-2.067866097762916 0.07476753477058651
-2.0664698343613206 0.07616377923005757
-2.065073570959725 0.07768627631679692
-2.06367730755813 0.07932139214051404
-2.0622810441565345 0.08111766173129809
-2.060884780754939 0.08307035698911136
-2.0594885173533437 0.08517646334917117
-2.0580922539517483 0.08739932320671073
-2.056695990550153 0.08973679781306032
-2.0552997271485576 0.09212353171326981
-2.053903463746962 0.09467551687899345
-2.052507200345367 0.0973817549438536
-2.0511109369437714 0.10024663198819894
-2.049714673542176 0.10328340894375287
-2.0483184101405807 0.10648632885315124
-2.0469221467389853 0.10984497379683944
-2.04552588333739 0.11333089707926547
-2.0441296199357946 0.11693735420215035
-2.042733356534199 0.12066242940514371
-2.041337093132604 0.12451188513449551
-2.0399408297310084 0.12848606654591777
-2.038544566329413 0.13262675035807092
-2.0371483029278177 0.13693351429097333
-2.0357520395262223 0.1413988744414496
-2.034355776124627 0.1460197465037254
-2.0329595127230315 0.15075008128152945
-2.031563249321436 0.15565258585604624
-2.030166985919841 0.16071955599781518
-2.0287707225182454 0.16595105816367095
-2.02737445911665 0.17131731823869245
-2.0259781957150547 0.1768241375708044
-2.0245819323134593 0.18249748683365397
-2.023185668911864 0.1883195818800516
-2.0217894055102685 0.1942731651860754
-2.020393142108673 0.20035935341954314
-2.018996878707078 0.20649327203204848
-2.0176006153054824 0.21273457774816507
-2.016204351903887 0.21907971783792846
-2.0148080885022916 0.22554924309130797
-2.0134118251006963 0.23214904951922222
-2.012015561699101 0.23887180726347879
-2.0106192982975055 0.2456902238481291
-2.00922303489591 0.2526011947735185
-2.0078267714943148 0.25961770610214785
-2.0064305080927194 0.2667558762833835
-2.005034244691124 0.2740100415530833
-2.0036379812895286 0.28133635672577384
-2.0022417178879333 0.2887192635903091
-2.000845454486338 0.2961878937479412
-1.9994491910847425 0.30366701544630814
-1.9980529276831471 0.3111302590316427
-1.9966566642815518 0.3186765757204171
-1.9952604008799564 0.3263056001414668
-1.993864137478361 0.33399885737443924
-1.9924678740767656 0.3417374572758547
-1.9910716106751702 0.34955049139091443
-1.9896753472735749 0.357440901662045
-1.9882790838719795 0.3653504405680792
-1.9868828204703841 0.37328705953012786
-1.9854865570687887 0.3812414098382533
-1.9840902936671934 0.38926501256349866
-1.982694030265598 0.3973073741939004
-1.9812977668640026 0.4053688811670497
-1.9799015034624072 0.41341149259511667
-1.9785052400608119 0.421438137621692
-1.9771089766592165 0.42939480555548926
-1.975712713257621 0.4373414982039776
-1.9743164498560257 0.4452409898844394
-1.9729201864544303 0.4531246040469057
-1.971523923052835 0.4609857744038095
-1.9701276596512396 0.46874712910155836
-1.9687313962496442 0.4764283574282615
-1.9673351328480488 0.48398926163258693
-1.9659388694464535 0.4915105978193708
-1.964542606044858 0.49900337483143176
-1.9631463426432627 0.5064757820959187
-1.9617500792416673 0.5139096482740513
-1.960353815840072 0.5213084558859009
-1.9589575524384766 0.5286032288242666
-1.9575612890368812 0.5358288368077524
-1.9561650256352858 0.5429674103628486
-1.9547687622336904 0.5500610583036689
-1.953372498832095 0.5570951822010102
-1.9519762354304997 0.5640754991293875
-1.9505799720289043 0.570965654788381
-1.949183708627309 0.5777654027325241
-1.9477874452257136 0.5844396520797659
-1.9463911818241182 0.5910028019608546
-1.9449949184225228 0.5974101780943499
-1.9435986550209274 0.6036803982070467
-1.942202391619332 0.6098448724926584
-1.9408061282177367 0.6159155827290022
-1.9394098648161413 0.6218572275451777
-1.938013601414546 0.6276898005978353
-1.9366173380129506 0.6333963068542232
-1.9352210746113552 0.6389475336471548
-1.9338248112097598 0.6443544437676678
-1.9324285478081644 0.6496147666514389
-1.931032284406569 0.6547564453177301
-1.9296360210049737 0.6597373802165691
-1.9282397576033783 0.6645729434881389
-1.926843494201783 0.669261367795059
-1.9254472308001875 0.6737696669082709
-1.9240509673985922 0.6781106126943826
-1.9226547039969968 0.6823075938065415
-1.9212584405954014 0.686297906390962
