2.0682151636132766 2.6095620625835636
2.0694368940896726 2.606563835675132
2.0706586245660685 2.603175817469719
2.0718803550424645 2.599564579976061
2.0731020855188604 2.5956704413039233
2.0743238159952564 2.5914951520495606
2.0755455464716523 2.587067235422751
2.0767672769480483 2.5824199937740957
2.0779890074244443 2.5774873687782645
2.07921073790084 2.5722955398531155
2.080432468377236 2.566755852572612
2.081654198853632 2.560835811319265
2.082875929330028 2.5544361789312404
2.084097659806424 2.547788140004542
2.08531939028282 2.5407765371524533
2.086541120759216 2.5333890030395025
2.087762851235612 2.5255453957860823
2.088984581712008 2.517488713397455
2.090206312188404 2.509037856716958
2.0914280426647998 2.500299498562299
2.0926497731411957 2.491262466348843
2.0938715036175917 2.481983379709675
2.0950932340939876 2.472322117497896
2.0963149645703836 2.462421901937944
2.0975366950467795 2.452171461012142
2.0987584255231755 2.441488751494745
2.0999801559995714 2.4304546173773076
2.1012018864759674 2.419170656059322
2.1024236169523633 2.4075739978202932
2.1036453474287593 2.3956419114188634
2.1048670779051553 2.3834453475920725
2.106088808381551 2.3708954026928097
2.107310538857947 2.3581226678998917
2.108532269334343 2.3449409973720776
2.109753999810739 2.331513230067742
2.110975730287135 2.317919461699404
2.112197460763531 2.3041735840073443
2.113419191239927 2.2901338837259004
2.114640921716323 2.275818350609285
2.115862652192719 2.2611661800030163
2.117084382669115 2.2462725866966196
2.1183061131455108 2.2312507842998457
2.1195278436219067 2.216149033552256
2.1207495740983027 2.200771934582775
2.1219713045746986 2.1851027016320472
2.1231930350510946 2.169211693496038
2.1244147655274905 2.1530700469997726
2.1256364960038865 2.1368390182138057
2.1268582264802824 2.120408561528876
2.1280799569566784 2.1038266593465664
2.1293016874330744 2.087176008573124
2.1305234179094703 2.0701719321119185
2.1317451483858663 2.052841509621601
2.132966878862262 2.0352670821992263
2.134188609338658 2.017560281354946
2.135410339815054 1.9997093857332118
2.13663207029145 1.9815968886025246
2.137853800767846 1.9633290860933812
2.139075531244242 1.9448313233303907
2.140297261720638 1.926003194937124
2.141518992197034 1.9070271012073476
2.14274072267343 1.8879799252633518
2.143962453149826 1.8687376236539421
2.1451841836262218 1.8493338564499595
2.1464059141026177 1.829916357288056
2.1476276445790137 1.8102725346142563
2.1488493750554096 1.7905194757293827
2.1500711055318056 1.7705405520817408
2.1512928360082015 1.7505072000774078
2.1525145664845975 1.7302752593299715
2.1537362969609934 1.7100049474891819
2.1549580274373894 1.6897656659829465
2.1561797579137854 1.669466744262138
2.1574014883901813 1.649104022847638
2.1586232188665773 1.6287810181346742
2.159844949342973 1.6084459661162498
2.161066679819369 1.5879575798931285
2.162288410295765 1.5673471905003282
2.163510140772161 1.5464941898539166
2.164731871248557 1.5255749933003813
2.165953601724953 1.5047329577496384
2.167175332201349 1.483837200803265
2.168397062677745 1.4629749519095299
2.169618793154141 1.4421901387598268
2.170840523630537 1.4214427711696374
2.1720622541069328 1.4006535337747152
2.1732839845833287 1.379778112468074
2.1745057150597247 1.3587592123322452
2.1757274455361206 1.337689839056992
2.1769491760125166 1.3165852473368886
2.1781709064889125 1.2954719337869278
2.1793926369653085 1.27444204517721
2.1806143674417044 1.2535881232155077
2.1818360979181004 1.2326833561438661
2.1830578283944964 1.2116411549779116
2.1842795588708923 1.1906574293991525
2.1855012893472883 1.1698569091263948
2.186723019823684 1.149180609946768
2.18794475030008 1.1286631736406605
2.189166480776476 1.1083680014312165
2.190388211252872 1.0880215186942337
2.191609941729268 1.067753224330346
2.192831672205664 1.0474422519847053
2.19405340268206 1.0270354677641649
2.195275133158456 1.0067527521014767
2.196496863634852 0.9865378980074411
2.197718594111248 0.9665576029845226
2.1989403245876438 0.9467405724448668
2.2001620550640397 0.9270595768168732
2.2013837855404357 0.9076296031657876
2.2026055160168316 0.8884232124679272
2.2038272464932276 0.8694565632844444
2.2050489769696235 0.8506195163256791
2.2062707074460195 0.8319164713986424
2.2074924379224155 0.813502586083473
2.2087141683988114 0.7953340350385645
2.2099358988752074 0.7774004555678289
2.2111576293516033 0.759631477429707
2.2123793598279993 0.7419780562335063
2.2136010903043952 0.7244222239014846
2.214822820780791 0.7069881838676793
2.216044551257187 0.6898138482661409
2.217266281733583 0.6727530248617768
2.218488012209979 0.6559143337264572
2.219709742686375 0.6392523258171252
2.220931473162771 0.6228021841237421
2.222153203639167 0.6063997546107203
2.223374934115563 0.5901128061767338
2.224596664591959 0.5740598946139812
2.2258183950683548 0.5581797737564216
2.2270401255447507 0.5424272763873148
2.2282618560211467 0.5268632066384953
2.2294835864975426 0.5114143454995883
2.2307053169739386 0.49612496152451513
2.2319270474503345 0.48108100952586597
2.2331487779267305 0.4662844029735709
2.2343705084031265 0.45167884872790864
2.2355922388795224 0.4372349272641429
2.2368139693559184 0.4230300771521627
2.2380356998323143 0.4090603500366399
2.2392574303087103 0.39537120524101965
2.2404791607851062 0.3819022673972654
2.241700891261502 0.36859098095899867
2.242922621737898 0.3553391414580176
2.244144352214294 0.3423340685602625
2.24536608269069 0.32961210634866234
2.246587813167086 0.31716373315478563
2.247809543643482 0.30469447886503076
2.249031274119878 0.2923853466215576
2.250253004596274 0.2803387674358646
2.25147473507267 0.2686285111241773
2.2526964655490658 0.2569319280086404
2.2539181960254617 0.24554495450354352
2.2551399265018577 0.2344072155798358
2.2563616569782536 0.22360376341896426
2.2575833874546496 0.2131377893495312
2.2588051179310455 0.2028757296837398
2.2600268484074415 0.19288372833361223
2.2612485788838375 0.18321315574752361
2.2624703093602334 0.1738145266786546
2.2636920398366294 0.16457229627960146
2.2649137703130253 0.15556229893991258
2.2661355007894213 0.1468399895342145
2.2673572312658172 0.13825545752220592
2.268578961742213 0.129788736926173
2.269800692218609 0.12162379790177624
2.271022422695005 0.1137534398064588
2.272244153171401 0.10619881609508752
2.273465883647797 0.09891036035344314
2.274687614124193 0.09187458565673978
2.275909344600589 0.08506427078788192
2.277131075076985 0.07856669567669883
2.278352805553381 0.0723161033798192
2.2795745360297768 0.06635131510407177
2.2807962665061727 0.06060215620337317
2.2820179969825687 0.05508932757504681
2.2832397274589646 0.049844087997144015
2.2844614579353606 0.04476766001312171
2.2856831884117566 0.039988624940889395
2.2869049188881525 0.035540381092573625
2.2881266493645485 0.03143727832434706
2.2893483798409444 0.02761296258620405
2.2905701103173404 0.024039445997146913
2.2917918407937363 0.020738380102812926
2.2930135712701323 0.01764342136993946
2.2942353017465282 0.014814447253598928
2.295457032222924 0.01230204607026053
2.29667876269932 0.010082862096339795
2.297900493175716 0.00802170940167457
2.299122223652112 0.006161117779612368
2.300343954128508 0.004523266788652336
2.301565684604904 0.0031321537582300607
2.3027874150813 0.002094421103691957
2.304009145557696 0.0012588446363110961
2.305230876034092 0.0006639864432713694
2.306452606510488 0.00018672497463967375
2.3076743369868837 0.0
2.3088960674632797 3.01541737712796e-06
2.3101177979396756 0.0002539090273501188
2.3113395284160716 0.0007910724929161006
2.3125612588924676 0.001562795525188676
2.3137829893688635 0.002620775271509501
2.3150047198452595 0.004013521141985166
2.3162264503216554 0.005650138430667084
2.3174481807980514 0.0075005030522561356
2.3186699112744473 0.009550714520003112
2.3198916417508433 0.011720586249083453
2.3211133722272392 0.014081433440878754
2.322335102703635 0.01674185036776521
2.323556833180031 0.019437059508447874
2.324778563656427 0.022326149384014116
2.326000294132823 0.025475348232674833
2.327222024609219 0.02887471767158445
2.328443755085615 0.03235277649878299
2.329665485562011 0.035875391752171026
2.330887216038407 0.039689847053637095
2.332108946514803 0.0438172531577834
2.333330676991199 0.04807441138694912
2.3345524074675947 0.052566100400866844
2.3357741379439907 0.05731172404713902
2.3369958684203866 0.0622715807014913
2.3382175988967826 0.06742616612751817
2.3394393293731786 0.0727233936450773
2.3406610598495745 0.07820457497700772
2.3418827903259705 0.0837568876523278
2.3431045208023664 0.08939995394064226
2.3443262512787624 0.09507537951392919
2.3455479817551583 0.10091021371246711
2.3467697122315543 0.10676042914440131
2.3479914427079502 0.11277933945268614
2.349213173184346 0.11898917306433532
2.350434903660742 0.12521504456483967
2.351656634137138 0.13160956001809154
2.352878364613534 0.13812801467648228
2.35410009508993 0.14481792277769046
2.355321825566326 0.1515814436272649
2.356543556042722 0.15850882523736232
2.357765286519118 0.16567008355099233
2.358987016995514 0.1729042380722774
2.36020874747191 0.18012560232349983
2.3614304779483057 0.18738424946042187
2.3626522084247017 0.19482274634603414
2.3638739389010976 0.20250160724430089
2.3650956693774936 0.21029380678959342
2.3663173998538896 0.21805017108036395
2.3675391303302855 0.22580784646527263
2.3687608608066815 0.23376264023011117
2.3699825912830774 0.24186367284104904
2.3712043217594734 0.2500903718486711
2.3724260522358693 0.2582969676597031
2.3736477827122653 0.26646654921901813
2.3748695131886612 0.2746093398764913
2.376091243665057 0.28271453797404433
2.377312974141453 0.2907599344704579
2.378534704617849 0.29884538056725773
2.379756435094245 0.30692000056970414
2.380978165570641 0.31507589469467234
2.382199896047037 0.32335324242205843
2.383421626523433 0.33165733903223327
2.384643356999829 0.3399663536675348
2.385865087476225 0.34837741240104947
2.387086817952621 0.35703537924894135
2.3883085484290167 0.3657287156194684
2.3895302789054127 0.37452895815118836
2.3907520093818087 0.3833598524874162
2.3919737398582046 0.3921306021935038
2.3931954703346006 0.4010893602449528
2.3944172008109965 0.41002611359132857
2.3956389312873925 0.41885382476132804
2.3968606617637884 0.4276904583014698
2.3980823922401844 0.4366426193315931
2.3993041227165803 0.44574487929489237
2.4005258531929763 0.45494657171252584
2.4017475836693722 0.46411742189499705
2.402969314145768 0.47342832814419467
2.404191044622164 0.4827548237885253
2.40541277509856 0.49216955678866725
2.406634505574956 0.5016294310798912
2.407856236051352 0.5108204929403826
2.409077966527748 0.5200579453203318
2.410299697004144 0.5293422866681681
2.41152142748054 0.538789927314923
2.412743157956936 0.5483013400409504
2.413964888433332 0.557933746350102
2.4151866189097277 0.5676628758028528
2.4164083493861237 0.5773440118732367
2.4176300798625197 0.5869750059993066
2.4188518103389156 0.5966519309227181
2.4200735408153116 0.6063549514214515
2.4212952712917075 0.6160220962357243
2.4225170017681035 0.6256921508928883
2.4237387322444994 0.6354125090471996
2.4249604627208954 0.6451281593055853
2.4261821931972913 0.6546877041518826
2.4274039236736873 0.6642520587436138
2.4286256541500832 0.6737759862500639
2.429847384626479 0.6832809637393495
2.431069115102875 0.6927156852305814
2.432290845579271 0.7022629181377624
2.433512576055667 0.7118667000322603
2.434734306532063 0.7214191329918833
2.435956037008459 0.730821059968207
2.437177767484855 0.7401101741886578
2.438399497961251 0.7493517562159582
2.439621228437647 0.758647508486348
2.440842958914043 0.7678919778905424
2.4420646893904387 0.7771719686901974
2.4432864198668347 0.7863980128374237
2.4445081503432307 0.7956936630195628
2.4457298808196266 0.8050641826747551
2.4469516112960226 0.8144757392839779
2.4481733417724185 0.823962480804795
2.4493950722488145 0.8334135948918799
2.4506168027252104 0.8427970397459319
2.4518385332016064 0.8523149232890717
2.4530602636780023 0.8619762621825373
2.4542819941543983 0.8717528664511178
2.4555037246307942 0.8816653814930078
2.45672545510719 0.8914977272091846
2.457947185583586 0.9012858551623992
2.459168916059982 0.9110925338085849
2.460390646536378 0.9209298123669498
2.461612377012774 0.930762816360641
2.46283410748917 0.9404507627532439
2.464055837965566 0.9499937863724028
2.465277568441962 0.9594911530608954
2.466499298918358 0.9689843676972316
2.467721029394754 0.9784950420761334
2.4689427598711498 0.9881498788842862
2.4701644903475457 0.9978327418600941
2.4713862208239417 1.0075129798709384
2.4726079513003376 1.0171359334835017
2.4738296817767336 1.0267508621862191
2.4750514122531295 1.0363708906999136
2.4762731427295255 1.04602056293146
2.4774948732059214 1.0556581679841202
2.4787166036823174 1.0652976441242004
2.4799383341587133 1.0748983996986112
2.4811600646351093 1.0845302333048323
2.4823817951115053 1.0942862620066194
2.483603525587901 1.1040766541456435
2.484825256064297 1.114043911671672
2.486046986540693 1.124113864746846
2.487268717017089 1.1341833187770476
2.488490447493485 1.1442730710178068
2.489712177969881 1.1542697908247135
2.490933908446277 1.1642180546113252
2.492155638922673 1.1741303310759292
2.493377369399069 1.184032239292037
2.494599099875465 1.193971482796968
2.4958208303518608 1.2039589325337658
2.4970425608282567 1.2139096824385263
2.4982642913046527 1.2238661043917887
2.4994860217810486 1.2338882890520324
2.5007077522574446 1.243968124592385
2.5019294827338405 1.2541987383978608
2.5031512132102365 1.2645977033368752
2.5043729436866324 1.2750501245533314
2.5055946741630284 1.2854561738014638
2.5068164046394243 1.296001513479439
2.5080381351158203 1.3066210783689485
2.5092598655922163 1.3174032814185068
2.510481596068612 1.3282375481909696
2.511703326545008 1.3391328844857355
2.512925057021404 1.3499746911413695
2.5141467874978 1.3606352724622468
2.515368517974196 1.3713064852719299
2.516590248450592 1.3821260857392588
2.517811978926988 1.393064274064045
2.519033709403384 1.4039511230243704
2.52025543987978 1.4148325124319001
2.521477170356176 1.4257255287038504
2.5226989008325718 1.4367204103388076
2.5239206313089677 1.4475774446611638
2.5251423617853637 1.4583282486622693
2.5263640922617596 1.4692250620697394
2.5275858227381556 1.4802166274548938
2.5288075532145515 1.4912529789197606
2.5300292836909475 1.5023964975983972
2.5312510141673434 1.5136290183733365
2.5324727446437394 1.524903034787286
2.5336944751201353 1.536161147901737
2.5349162055965313 1.5474169974271206
2.5361379360729273 1.5587810397578608
2.537359666549323 1.5701003142524428
2.538581397025719 1.581394821695369
2.539803127502115 1.592704597533043
2.541024857978511 1.6038793648608305
2.542246588454907 1.6150318200364495
2.543468318931303 1.6262707486997101
2.544690049407699 1.6376862381883939
2.545911779884095 1.649244810848245
2.547133510360491 1.6609547958552184
2.548355240836887 1.6727219397476745
2.5495769713132828 1.6845155782212942
2.5507987017896787 1.6962517115931632
2.5520204322660747 1.7080521399997508
2.5532421627424706 1.7198765597410954
2.5544638932188666 1.731714041621558
2.5556856236952625 1.7436785277335787
2.5569073541716585 1.755600665299852
2.5581290846480544 1.7675289213108272
2.5593508151244504 1.7795233870626816
2.5605725456008464 1.7916956150212968
2.5617942760772423 1.803993470137101
2.5630160065536383 1.8161385179534477
2.564237737030034 1.828154618949128
2.56545946750643 1.8402206667124688
2.566681197982826 1.8523832612866329
2.567902928459222 1.8646165215842245
2.569124658935618 1.8769467038673326
2.570346389412014 1.8894014775551113
2.57156811988841 1.9018704321965458
2.572789850364806 1.9143290929198429
2.574011580841202 1.9268510313944773
2.575233311317598 1.939563413596943
2.5764550417939938 1.9524018662754088
2.5776767722703897 1.965266939627952
2.5788985027467857 1.9781637179508493
2.5801202332231816 1.9911745736527564
2.5813419636995776 2.0042231322485975
2.5825636941759735 2.0173069993035995
2.5837854246523695 2.0303896860140753
2.5850071551287654 2.043503641748771
2.5862288856051614 2.0567666923346337
2.5874506160815574 2.0700527072824286
2.5886723465579533 2.0834982782907048
2.5898940770343493 2.0969921296117207
2.591115807510745 2.1104296631418435
2.592337537987141 2.123815969409634
2.593559268463537 2.1369163170975582
2.594780998939933 2.149971883240454
2.596002729416329 2.1630579986266127
2.597224459892725 2.176157556355008
2.598446190369121 2.1892470659760193
2.599667920845517 2.2022847617251387
2.600889651321913 2.215276644360756
2.602111381798309 2.2279621480539333
2.6033331122747048 2.2403137955887757
2.6045548427511007 2.2526534645438403
2.6057765732274967 2.2649116860706897
2.6069983037038926 2.2769916993396464
2.6082200341802886 2.2888787782547126
2.6094417646566845 2.300709197533422
2.6106634951330805 2.312588733189642
2.6118852256094764 2.324398599515064
2.6131069560858724 2.3356243024234686
2.6143286865622684 2.3464741948131973
2.6155504170386643 2.3571751083486276
2.6167721475150603 2.3678130159173634
