0.0 19.11525406606023
0.012 15.94281490571477
0.024 17.9553831037353
0.036000000000000004 19.132721809080763
0.048 18.326386074285452
0.06 17.222940609020924
0.07200000000000001 16.69465279008871
0.084 16.299208900380165
0.096 15.674160266842108
0.108 15.002310913096778
0.12 14.472558127711721
0.132 14.003215808809443
0.14400000000000002 13.463787844091613
0.156 12.849071560737613
0.168 12.20849390797251
0.18 11.552173997404026
0.192 10.866059400449885
0.20400000000000001 10.15878075261422
0.216 9.463680522843603
0.228 8.811634843085983
0.24 8.210933842802518
0.252 7.647405235264301
0.264 7.1030861121336955
0.276 6.570375908610259
0.28800000000000003 6.039675280194274
0.3 5.489701311257733
0.312 4.913324289408365
0.324 4.33686817636999
0.336 3.791348280603785
0.34800000000000003 3.2847572815931585
0.36 2.8180077835301915
0.372 2.3998437627905105
0.384 2.033215536651255
0.396 1.7103861367659192
0.40800000000000003 1.4228272114097535
0.42 1.1579910135889122
0.432 0.8965574842269746
0.444 0.632661199293409
0.456 0.3905449347765
0.468 0.20515445488842943
0.48 0.08783174753892808
0.492 0.023961553906787003
0.504 0.0
0.516 0.012784721906058394
0.528 0.054680202577173986
0.54 0.11405333661784312
0.552 0.1931270389749784
0.5640000000000001 0.30601344387855534
0.5760000000000001 0.4557839919777962
0.588 0.6274657665823895
0.6 0.808942322202455
0.612 1.0067974756005356
0.624 1.2310230528927946
0.636 1.4790628458864035
0.648 1.7492879907319718
0.66 2.0443299254148144
0.672 2.3438405461965885
0.684 2.611022006840045
0.6960000000000001 2.842649207235553
0.708 3.0734531357979336
0.72 3.326087508151147
0.732 3.5961720356677347
0.744 3.8831365446798998
0.756 4.199907433204345
0.768 4.549608512020171
0.78 4.912284327722205
0.792 5.26224018092239
0.804 5.591276174606691
0.8160000000000001 5.9046909381689545
0.8280000000000001 6.202414195302737
0.84 6.483911132102463
0.852 6.765416276658925
0.864 7.068465825962647
0.876 7.395914051595895
0.888 7.7411171045829406
0.9 8.11402196644309
0.912 8.532342546525655
0.924 8.98946612830784
0.936 9.458867196758433
0.9480000000000001 9.929185215020794
0.96 10.404136737503137
0.972 10.873306038272716
0.984 11.321546857510768
0.996 11.762514407666472
1.008 12.226347553901036
1.02 12.716520532618162
1.032 13.205859439977615
1.044 13.675854133248123
1.056 14.137538619107957
1.068 14.601119530681174
1.08 15.045833010005921
1.092 15.449379728543462
1.104 15.82804850279335
1.116 16.206160130269453
1.1280000000000001 16.56723363553023
1.1400000000000001 16.885159324008725
1.1520000000000001 17.18133227384763
1.164 17.497683811286436
1.176 17.833657909751764
1.188 18.159331617489585
1.2 18.46778947877162
1.212 18.7706931863341
1.224 19.064866697867544
1.236 19.336181973551618
1.248 19.584814196458808
1.26 19.833206099871674
1.272 20.10702836799632
1.284 20.407786886954554
1.296 20.71584107985919
1.308 21.020020840029005
1.32 21.324872673190782
1.332 21.631903278411016
1.344 21.935762476400583
1.356 22.23907379399398
1.368 22.55250468934453
1.3800000000000001 22.8764055611302
1.3920000000000001 23.194089469034708
1.4040000000000001 23.484782549717664
1.416 23.74136406724284
1.428 23.98176833018921
1.44 24.23502535241515
1.452 24.50576579368615
1.464 24.76874255751072
1.476 25.005304210633767
1.488 25.223381848660225
1.5 25.43769398122913
1.512 25.651811029866025
1.524 25.867561352060335
1.536 26.098100774672275
1.548 26.354870323579632
1.56 26.6262191776609
1.572 26.892319300244367
1.584 27.157637177224544
1.596 27.438225133967677
1.608 27.7226368263032
1.62 27.981041843781952
1.6320000000000001 28.207813316953093
1.6440000000000001 28.42166705440664
1.6560000000000001 28.630015402502636
1.668 28.822010743294925
1.68 28.992646595542666
1.692 29.155876088322657
1.704 29.333819169524332
1.716 29.5346674207116
1.728 29.744005963455777
1.74 29.944860535775746
1.752 30.133879654536358
1.764 30.306277603194204
1.776 30.44905301256648
1.788 30.565593558170093
1.8 30.682492096114515
1.812 30.821097529781596
1.824 30.983787958338695
1.836 31.166719023381006
1.848 31.362078291407116
1.86 31.552659892259157
1.872 31.724155234915344
1.8840000000000001 31.878797013998863
1.8960000000000001 32.029860836000296
1.9080000000000001 32.19083714593674
1.92 32.36681062277175
1.932 32.547351376018256
1.944 32.71989525977298
1.956 32.891841814830286
1.968 33.07367040691224
1.98 33.2468477638742
1.992 33.38659792535354
2.004 33.503500963187804
2.016 33.62072283736633
2.028 33.73156532468403
2.04 33.819078687768226
2.052 33.88800979867567
2.064 33.943836638934144
2.076 33.97474986625504
2.088 33.98088485392461
2.1 33.982507738879704
2.112 33.97631978782671
2.124 33.92849949953644
2.136 33.83531603909479
2.148 33.74325926965594
2.16 33.68514544156973
2.172 33.643061364026295
2.184 33.595082394484265
2.196 33.55107786853645
2.208 33.523488615280385
2.22 33.50893875669698
2.232 33.51099804791255
2.244 33.53658900849837
2.2560000000000002 33.57011096665174
2.2680000000000002 33.591106223596555
2.2800000000000002 33.60158972944261
2.2920000000000003 33.605658759155176
2.3040000000000003 33.5948481178315
2.316 33.57759481006906
2.328 33.584700356961235
2.34 33.62426157817198
2.352 33.6604339141051
2.364 33.65505981315678
2.376 33.61528732487717
2.388 33.584710469941456
2.4 33.59397596714902
2.412 33.635770104134934
2.424 33.683864413329076
2.436 33.7182622638353
2.448 33.73442914017727
2.46 33.74409943668449
2.472 33.763306464066844
2.484 33.79108684483755
2.496 33.81110505366789
2.508 33.81534413621222
2.52 33.80668531860161
2.532 33.78425743876211
2.544 33.75393649452336
2.556 33.7439190731331
2.568 33.77462114778403
2.58 33.817652039143624
2.592 33.82063535069051
2.604 33.77176603255762
2.616 33.705757562331954
2.628 33.64964300768919
2.64 33.59947597920569
2.652 33.547937832448
2.664 33.500776135890604
2.676 33.46476035597661
2.688 33.44057514503048
2.7 33.425812328256626
2.712 33.413699001325114
2.724 33.39521128095012
2.736 33.37016089012985
2.748 33.348318278563966
2.7600000000000002 33.33666106210353
2.7720000000000002 33.33397387688332
2.7840000000000003 33.33382342717587
2.7960000000000003 33.32666984390899
2.8080000000000003 33.30718888316683
2.82 33.280807538645234
2.832 33.25984392062294
2.844 33.256032895872295
2.856 33.270581486603334
2.868 33.288076727777295
2.88 33.289321372960984
2.892 33.269360204007526
2.904 33.23774449699768
2.916 33.204938742168935
2.928 33.171023006874776
2.94 33.13227212801718
2.952 33.09746180397906
2.964 33.07994752392271
2.976 33.0766151377793
2.988 33.078989940789995
3.0 33.09380248264408
3.012 33.12641833183007
3.024 33.161375245562894
3.036 33.18005129067235
3.048 33.179488441085994
3.06 33.16509938679596
3.072 33.14363416650983
3.084 33.124517980002224
3.096 33.11306493493251
3.108 33.104119705699986
3.12 33.08821414373361
3.132 33.06014880601073
3.144 33.02644114841219
3.156 33.010891695233454
3.168 33.03800918248963
3.18 33.09792401516212
3.192 33.14659531596038
3.204 33.156892676234875
3.216 33.144800262043205
3.228 33.12900644338103
3.24 33.102402964482565
3.2520000000000002 33.06577441712669
3.2640000000000002 33.04282157528449
3.2760000000000002 33.03651727089668
3.2880000000000003 33.02333365629039
3.3000000000000003 33.00780084892263
3.3120000000000003 33.019550732342395
3.3240000000000003 33.046981139208555
3.336 33.04040854926387
3.348 32.986556676167766
3.36 32.92130842591263
3.372 32.86711221127054
3.384 32.81433687018102
3.396 32.77101995116321
3.408 32.7696109494718
3.42 32.80588873760098
3.432 32.831248779147145
3.444 32.82202327644089
3.456 32.8016210510057
3.468 32.79565284866763
3.48 32.81267723663501
3.492 32.84964923086146
3.504 32.88513298489055
3.516 32.89548715693873
3.528 32.8835207704108
3.54 32.86312468695823
3.552 32.83632045949119
3.564 32.81034982824117
3.576 32.80214614620073
3.588 32.80808445909997
3.6 32.80778847694505
3.612 32.801934083284735
3.624 32.80358204401345
3.636 32.802061243029655
3.648 32.78255263722261
3.66 32.76047843662674
3.672 32.75373078284338
3.684 32.752349614266464
3.696 32.74477238789454
3.708 32.732079648943014
3.72 32.70481214953074
3.732 32.65585264393705
3.744 32.61063827896443
3.7560000000000002 32.5954052469808
3.7680000000000002 32.60065169196157
3.7800000000000002 32.61316436029264
3.7920000000000003 32.635763561926964
3.8040000000000003 32.65427214717104
3.8160000000000003 32.648241859402745
3.8280000000000003 32.63565085620115
3.84 32.64441730475514
3.852 32.66316549883176
3.864 32.67241879786182
3.876 32.68095027971411
3.888 32.6928433007059
3.9 32.68603778981999
3.912 32.646666986096704
3.924 32.59062607232006
3.936 32.543952193518834
3.948 32.51708585985796
3.96 32.49613718472244
3.972 32.460360147374146
3.984 32.41176512149852
3.996 32.376083654499
4.008 32.370526957141266
4.0200000000000005 32.38207166139591
4.032 32.38200340215258
4.0440000000000005 32.356652093133135
4.056 32.32054041075514
4.0680000000000005 32.29814331139417
4.08 32.293692465224325
4.0920000000000005 32.2879444763722
4.104 32.26796774932238
4.116 32.24177672748746
4.128 32.21494433289611
4.14 32.178912756470936
4.152 32.136584140006946
4.164 32.106887692218294
4.176 32.08368699914104
4.188 32.031048984951894
4.2 31.94583615918981
4.212 31.876935635031415
4.224 31.85555720083653
4.236 31.85680871756304
4.248 31.850368211063923
4.26 31.84187445478254
4.272 31.848602082159573
4.284 31.869706298834558
4.296 31.89576299290158
4.308 31.926407539883982
4.32 31.96004008283262
4.332 31.978553675988024
4.344 31.964916725158503
4.356 31.92635335193151
4.368 31.880808843091813
4.38 31.836436965258798
4.392 31.798786981359925
4.404 31.77813017172471
4.416 31.781170435238067
4.428 31.808091855851615
4.44 31.851246215808516
4.452 31.88947981859033
4.464 31.902824931355468
4.476 31.896855283075254
4.488 31.888460557817638
4.5 31.873891546383305
4.5120000000000005 31.845028256406195
4.524 31.821377498595623
4.5360000000000005 31.824295181361848
4.548 31.845037964933923
4.5600000000000005 31.872002892705808
4.572 31.90854937015888
4.5840000000000005 31.945272347792354
4.596 31.96128342424025
4.6080000000000005 31.956793354007416
4.62 31.94998184803741
4.632 31.950438475641846
4.644 31.956464480323376
4.656 31.967679925972732
4.668 31.987972376417034
4.68 32.01979708606724
4.692 32.05761967139938
4.704 32.08465063550932
4.716 32.0826635842691
4.728 32.053790128770785
4.74 32.024442326158436
4.752 32.01476574120896
4.764 32.01456182457777
4.776 32.005149024192406
4.788 31.98898228204783
4.8 31.97713240017056
4.812 31.963683952274167
4.824 31.932953157410694
4.836 31.883602722512677
4.848 31.83362286792574
4.86 31.803177533008977
4.872 31.796834912211366
4.884 31.803922883867912
4.896 31.81251772985442
4.908 31.814459947192404
4.92 31.79962359531791
4.932 31.76614839209536
4.944 31.737365946212947
4.956 31.735330008338977
4.968 31.734898637675386
4.98 31.69027772850623
4.992 31.610319070555278
5.0040000000000004 31.551780168084804
5.016 31.536062008173047
5.0280000000000005 31.532928777818697
5.04 31.52864155326681
5.0520000000000005 31.552994521735656
5.064 31.627812139161463
5.0760000000000005 31.724288315928803
5.088 31.788112085901915
5.1000000000000005 31.79883755073277
5.112 31.78762703435808
5.124 31.785297873973335
5.136 31.77813693836201
5.148 31.746058547631407
5.16 31.710476239964095
5.172 31.699542795838752
5.184 31.701914222509103
5.196 31.6942062114084
5.208 31.676786449454468
5.22 31.657066998406904
5.232 31.631764723171287
5.244 31.600658341073995
5.256 31.572502395375906
5.268 31.547987867539902
5.28 31.516350391079968
5.292 31.47827468522729
5.304 31.45496641241786
5.316 31.461918263061875
5.328 31.486913271071913
5.34 31.506900838119876
5.352 31.516422500918154
5.364 31.526834018399143
5.376 31.543811618855386
5.388 31.555724944361828
5.4 31.544832767945934
5.412 31.51079283049627
5.424 31.479738554533313
5.436 31.475702301211356
5.448 31.485083561821284
5.46 31.47393344861304
5.472 31.438827799245644
5.484 31.408756453171947
5.496 31.398171452633136
5.508 31.39510301496658
5.5200000000000005 31.396348308758093
5.532 31.414137009986646
5.5440000000000005 31.441897586436994
5.556 31.453547860233527
5.5680000000000005 31.444102779467585
5.58 31.430241685761544
5.5920000000000005 31.40956674636699
5.604 31.36691991362663
5.6160000000000005 31.318504350564524
5.628 31.29753440810495
5.64 31.29990450518261
5.652 31.297178729257666
5.664 31.29378441291665
5.676 31.311500846291864
5.688 31.33311828912835
5.7 31.328458839564092
5.712 31.31415325721379
5.724 31.320770059874036
5.736 31.32996426501022
5.748 31.303243536821455
5.76 31.241124821519875
5.772 31.173437403134074
5.784 31.122800686728908
5.796 31.092962504434468
5.808 31.06771962743936
5.82 31.036095260032198
5.832 31.02715117704679
5.844 31.065820329684712
5.856 31.102876449180343
5.868 31.084448264144385
5.88 31.07682113605523
5.892 31.17742839761165
5.904 31.2842705219676
5.916 31.175981746950384
5.928 30.95813446727432
5.94 31.059297466682366
5.952 31.27959979906238
5.964 30.37141476890514
5.976 28.050331815786762
5.988 27.669477005230164
