-2.5481807079117256 0.4681949910354035
-2.54678444451013 0.46732070557743555
-2.545388181108535 0.4663853092276895
-2.5439919177069394 0.46541133773197885
-2.542595654305344 0.46439577052456116
-2.5411993909037487 0.463348625845299
-2.5398031275021533 0.46224440084543517
-2.538406864100558 0.46111295643601125
-2.5370106006989626 0.4599314638124099
-2.535614337297367 0.45872423077406665
-2.534218073895772 0.45751050566201457
-2.5328218104941764 0.4562899765150803
-2.531425547092581 0.4550236918323094
-2.5300292836909857 0.4537295326431092
-2.5286330202893903 0.4524066902984032
-2.527236756887795 0.45102451345329087
-2.5258404934861995 0.4495997137247798
-2.524444230084604 0.4481204021174676
-2.523047966683009 0.44661443925798494
-2.5216517032814134 0.44505920956240175
-2.520255439879818 0.443446992795856
-2.5188591764782227 0.44179132807931865
-2.5174629130766273 0.44010117810682914
-2.516066649675032 0.43835600961688215
-2.5146703862734365 0.43656505420730696
-2.513274122871841 0.43472514223586245
-2.5118778594702458 0.4328142334352947
-2.5104815960686504 0.43080298354428237
-2.509085332667055 0.42873616296839145
-2.5076890692654596 0.4266016482232544
-2.5062928058638643 0.424441107162977
-2.504896542462269 0.42222938304311697
-2.5035002790606735 0.4199805645446304
-2.502104015659078 0.4177006009678337
-2.5007077522574828 0.4153425962190056
-2.4993114888558874 0.4129043546555806
-2.497915225454292 0.4103788086809743
-2.4965189620526966 0.40774546073370743
-2.4951226986511013 0.4050816268921551
-2.493726435249506 0.40237618958394705
-2.4923301718479105 0.39965064908045633
-2.490933908446315 0.39687138870559124
-2.4895376450447197 0.393980843900664
-2.4881413816431244 0.39098473816093815
-2.486745118241529 0.3879403922194342
-2.4853488548399336 0.3848532194314487
-2.4839525914383382 0.3817666730249698
-2.482556328036743 0.3786617308131497
-2.4811600646351475 0.37551000205201035
-2.479763801233552 0.3722909174005906
-2.4783675378319567 0.3690012560768423
-2.4769712744303614 0.36566103698592656
-2.475575011028766 0.3622490769277533
-2.4741787476271706 0.35880440883769893
-2.4727824842255752 0.35534223972868517
-2.47138622082398 0.3518739342187871
-2.4699899574223845 0.34836722050073377
-2.468593694020789 0.3448492343324858
-2.4671974306191937 0.3412446226720931
-2.4658011672175983 0.3376004120306959
-2.464404903816003 0.33392535323437755
-2.4630086404144076 0.33023471023108186
-2.461612377012812 0.3264434096909099
-2.460216113611217 0.3226288678460776
-2.4588198502096215 0.31882748283922524
-2.457423586808026 0.31497537882376037
-2.4560273234064307 0.3110981587677202
-2.4546310600048353 0.3071955071201842
-2.45323479660324 0.3032598049525177
-2.4518385332016446 0.29933093984769243
-2.450442269800049 0.2953515965281781
-2.449046006398454 0.29136827276056465
-2.4476497429968584 0.2873927706310724
-2.446253479595263 0.283385271783942
-2.4448572161936677 0.27938756421340827
-2.4434609527920723 0.2754000176346665
-2.442064689390477 0.2713306617591513
-2.4406684259888816 0.26722960530619844
-2.439272162587286 0.2631200855629743
-2.437875899185691 0.25900910661593457
-2.4364796357840954 0.25488176062233947
-2.4350833723825 0.250720842143636
-2.4336871089809047 0.24653719852014433
-2.4322908455793093 0.24235747148452447
-2.430894582177714 0.2381875881846156
-2.4294983187761185 0.2339926067091369
-2.428102055374523 0.22982100000390915
-2.426705791972928 0.22567082932135918
-2.4253095285713324 0.2215185324544109
-2.423913265169737 0.21733334247591074
-2.4225170017681417 0.213127180632398
-2.4211207383665463 0.20889317509463012
-2.419724474964951 0.20466764606797483
-2.4183282115633555 0.20039963697746543
-2.41693194816176 0.196105617577075
-2.415535684760165 0.19185925231255396
-2.4141394213585694 0.18766499006653703
-2.412743157956974 0.18350343926076107
-2.4113468945553787 0.17934332625199545
-2.4099506311537833 0.17517687554467898
-2.408554367752188 0.17105908761149635
-2.4071581043505925 0.16696554899186822
-2.405761840948997 0.16290520059098412
-2.4043655775474018 0.15890222336727788
-2.4029693141458064 0.1549518577854201
-2.401573050744211 0.15099600557795156
-2.4001767873426156 0.14704893370961258
-2.3987805239410203 0.14318568983654245
-2.397384260539425 0.13935731979609045
-2.3959879971378295 0.13559657624108468
-2.394591733736234 0.1318552003709499
-2.3931954703346388 0.12811066147438055
-2.3917992069330434 0.12436096858090195
-2.390402943531448 0.12061621855897897
-2.3890066801298526 0.11690367194879059
-2.3876104167282572 0.11322055115124385
-2.386214153326662 0.10959368290966154
-2.3848178899250665 0.10605974203278379
-2.383421626523471 0.10256009597722482
-2.3820253631218757 0.09905198730649545
-2.3806290997202804 0.09555687483614861
-2.379232836318685 0.09209015392622177
-2.3778365729170896 0.08866375353582612
-2.3764403095154942 0.08529101210390877
-2.375044046113899 0.08196658947170476
-2.3736477827123035 0.0786886141237062
-2.372251519310708 0.07543811941542344
-2.3708552559091127 0.07223979553180016
-2.3694589925075173 0.06911345199628727
-2.368062729105922 0.0660627299050418
-2.3666664657043266 0.06309828648844018
-2.365270202302731 0.06023343586539909
-2.363873938901136 0.057402106489661264
-2.3624776754995405 0.054641063530709744
-2.361081412097945 0.05197016608454419
-2.3596851486963497 0.04938960172677298
-2.3582888852947543 0.04686466979765669
-2.356892621893159 0.044434769978437316
-2.3554963584915636 0.04206068944239405
-2.354100095089968 0.039741764288947934
-2.352703831688373 0.03751903831215486
-2.3513075682867774 0.035342700222571466
-2.349911304885182 0.03322663777706225
-2.3485150414835867 0.031181695875574178
-2.3471187780819913 0.02920429105560629
-2.345722514680396 0.027284424967206178
-2.3443262512788006 0.02542838439313755
-2.342929987877205 0.023649810138124394
-2.34153372447561 0.02195293354776595
-2.3401374610740144 0.020272991705951426
-2.338741197672419 0.0186674205345696
-2.3373449342708237 0.017118630112292976
-2.3359486708692283 0.015633795874180123
-2.334552407467633 0.014233849854747405
-2.3331561440660376 0.01290996024999913
-2.331759880664442 0.011629545851633338
-2.330363617262847 0.010392440717168938
-2.3289673538612514 0.00920188348320039
-2.327571090459656 0.008057421455504254
-2.3261748270580607 0.006976351634506273
-2.3247785636564653 0.005995838315726587
-2.32338230025487 0.005118582449370024
-2.3219860368532745 0.004319131342072069
-2.320589773451679 0.0035483642550673267
-2.319193510050084 0.0028569416662378444
-2.3177972466484884 0.0022661166013620004
-2.316400983246893 0.0017464685714685402
-2.3150047198452977 0.0012938894452076966
-2.3136084564437023 0.0009220461751056064
-2.312212193042107 0.0006276391938797587
-2.3108159296405115 0.00036976450604697675
-2.309419666238916 0.00020304690448824658
-2.3080234028373208 8.681165110147049e-05
-2.3066271394357254 3.693824467632112e-05
-2.30523087603413 1.4911399773609446e-05
-2.3038346126325346 0.0
-2.3024383492309393 3.344151102169235e-05
-2.301042085829344 9.667913846556075e-05
-2.2996458224277485 0.0002263299639082561
-2.298249559026153 0.0004278105964772294
-2.2968532956245578 0.0007028201476941831
-2.2954570322229624 0.0010723165408990099
-2.294060768821367 0.0015063971201243476
-2.2926645054197716 0.002017738481555398
-2.2912682420181762 0.0025691680296802133
-2.289871978616581 0.003173434768569905
-2.2884757152149855 0.003777756558662304
-2.28707945181339 0.00444248559054472
-2.2856831884117947 0.005177606069082685
-2.2842869250101994 0.005981436898849779
-2.282890661608604 0.006839268186496383
-2.2814943982070086 0.007737169122066234
-2.2800981348054132 0.008658542802379543
-2.278701871403818 0.009606609075262895
-2.2773056080022225 0.010593223398473128
-2.275909344600627 0.011648862523486514
-2.2745130811990317 0.012753617278633556
-2.2731168177974364 0.013840411762885196
-2.271720554395841 0.01495453277487968
-2.2703242909942456 0.016116072966525508
-2.26892802759265 0.01727948120401379
-2.267531764191055 0.018484222785616566
-2.2661355007894595 0.019734615738826733
-2.264739237387864 0.02095830920336539
-2.2633429739862687 0.02219020749046763
-2.2619467105846733 0.023491414446851877
-2.260550447183078 0.02486557136271017
-2.2591541837814826 0.026276883389300565
-2.257757920379887 0.02774980225848367
-2.256361656978292 0.029265606984409942
-2.2549653935766965 0.030793288539854302
-2.253569130175101 0.032361018486597004
-2.2521728667735057 0.03390556163915903
-2.2507766033719103 0.03546665633274415
-2.249380339970315 0.03704920028596348
-2.2479840765687196 0.03865519917098936
-2.246587813167124 0.0402614217511541
-2.245191549765529 0.04187293383935753
-2.2437952863639334 0.043471297344297
-2.242399022962338 0.045059896477511074
-2.2410027595607427 0.046664451219157854
-2.2396064961591473 0.04823868344610105
-2.238210232757552 0.04983027405566531
-2.2368139693559566 0.051433511827042366
-2.235417705954361 0.05301885403244455
-2.234021442552766 0.05461920928883046
-2.2326251791511704 0.05625205989596793
-2.231228915749575 0.05788076742746284
-2.2298326523479797 0.05951677035989178
-2.2284363889463843 0.06120096446679213
-2.227040125544789 0.06288187042920867
-2.2256438621431935 0.06458072931746983
-2.224247598741598 0.06630887718668532
-2.222851335340003 0.06809222921063451
-2.2214550719384074 0.06990295857494289
-2.220058808536812 0.07175423664079972
-2.2186625451352167 0.07361529052997184
-2.2172662817336213 0.07552173065187162
-2.215870018332026 0.07742258175454708
-2.2144737549304305 0.07935667497943655
-2.213077491528835 0.08120832359756491
-2.2116812281272398 0.08309395049357704
-2.2102849647256444 0.0849618786906774
-2.208888701324049 0.08682348835162657
-2.2074924379224536 0.08869664906785601
-2.2060961745208583 0.09057475723025732
-2.204699911119263 0.09245305858684105
-2.2033036477176675 0.09429362431762911
-2.201907384316072 0.0960791287185998
-2.2005111209144768 0.09785903587231815
-2.1991148575128814 0.09964589328930629
-2.197718594111286 0.10139583881618819
-2.1963223307096906 0.10311504475146194
-2.1949260673080953 0.10481784442791309
-2.1935298039065 0.10651535639723875
-2.1921335405049045 0.10818805519988928
-2.190737277103309 0.1098732469524748
-2.1893410137017137 0.11154324234524893
-2.1879447503001184 0.11322851711329918
-2.186548486898523 0.11492227076800532
-2.1851522234969276 0.11658820639596001
-2.1837559600953322 0.11819985650828357
-2.182359696693737 0.11974696505342308
-2.1809634332921415 0.1212419148396009
-2.179567169890546 0.12270161375073485
-2.1781709064889507 0.12414186140145489
-2.1767746430873554 0.12553753980051852
-2.17537837968576 0.12690262155388154
-2.1739821162841646 0.12823654772978443
-2.1725858528825692 0.12955498793658649
-2.171189589480974 0.13087336598110255
-2.1697933260793785 0.1322029436990988
-2.168397062677783 0.13346887483746173
-2.1670007992761877 0.13466750419334517
-2.1656045358745923 0.13584224704484882
-2.164208272472997 0.13696656456158962
-2.1628120090714016 0.13800674715653827
-2.161415745669806 0.1389748381664333
-2.160019482268211 0.139930071924681
-2.1586232188666155 0.14085719425793286
-2.15722695546502 0.14176648693086236
-2.1558306920634247 0.1425757075586489
-2.1544344286618293 0.14337241385376842
-2.153038165260234 0.14412588049000874
-2.1516419018586386 0.144860379210769
-2.150245638457043 0.14561224961622088
-2.148849375055448 0.14631735257049172
-2.1474531116538524 0.14697780112527425
-2.146056848252257 0.1476004071655268
-2.1446605848506617 0.14817866514434286
-2.1432643214490663 0.1487286361213478
-2.141868058047471 0.14925935861629114
-2.1404717946458756 0.14979239132864564
-2.13907553124428 0.15029689898602783
-2.137679267842685 0.15079817634605774
-2.1362830044410894 0.15128578249306202
-2.134886741039494 0.1517134978429624
-2.1334904776378987 0.15214310810569032
-2.1320942142363033 0.15254722399313891
-2.130697950834708 0.15294096566213966
-2.1293016874331125 0.153339875458272
-2.127905424031517 0.15374001306773266
-2.126509160629922 0.1541287534451783
-2.1251128972283264 0.1544687942306382
-2.123716633826731 0.1548008532355425
-2.1223203704251357 0.15513528805539067
-2.1209241070235403 0.15548129557345192
-2.119527843621945 0.15584029501837904
-2.1181315802203495 0.15624400039527586
-2.116735316818754 0.15664394262103087
-2.1153390534171588 0.15702427204834635
-2.1139427900155634 0.15740562789605406
-2.112546526613968 0.1577362726017668
-2.1111502632123726 0.15805968822186856
-2.1097539998107773 0.1583562817453128
-2.108357736409182 0.1586568492072047
-2.1069614730075865 0.15900598029642765
-2.105565209605991 0.15938632248153795
-2.1041689462043958 0.1597888346284151
-2.1027726828028004 0.1602159040565141
-2.101376419401205 0.16066014081005164
-2.0999801559996096 0.1610014613420674
-2.0985838925980143 0.1613546139511186
-2.097187629196419 0.16172926434276746
-2.0957913657948235 0.16211469721977778
-2.094395102393228 0.1625130175687559
-2.0929988389916327 0.16292485726512496
-2.0916025755900374 0.163382351898548
-2.090206312188442 0.16390578840358216
-2.0888100487868466 0.16450896675499393
-2.0874137853852512 0.16519005467173997
-2.086017521983656 0.16591375256228957
-2.0846212585820605 0.16665197738657866
-2.083224995180465 0.16741818664243624
-2.0818287317788697 0.16817898976577794
-2.0804324683772744 0.1690149314535745
-2.079036204975679 0.16991798894676435
-2.0776399415740836 0.17084672601265538
-2.0762436781724882 0.1717693726716334
-2.074847414770893 0.17268886920152227
-2.0734511513692975 0.17368574289849903
-2.072054887967702 0.17477548042134572
-2.0706586245661067 0.17590778970526344
-2.0692623611645113 0.17710649612652674
-2.067866097762916 0.17836748390280377
-2.0664698343613206 0.17969538854643474
-2.065073570959725 0.18104054468952313
-2.06367730755813 0.18243476390313162
-2.0622810441565345 0.1838773658990931
-2.060884780754939 0.18533753026468958
-2.0594885173533437 0.1868385414410909
-2.0580922539517483 0.1883763426506846
-2.056695990550153 0.18994413309613378
-2.0552997271485576 0.19156712015458766
-2.053903463746962 0.19326508439812073
-2.052507200345367 0.19504262198518063
-2.0511109369437714 0.1968683356494978
-2.049714673542176 0.19868829952471856
-2.0483184101405807 0.20050828184599823
-2.0469221467389853 0.20239911393093735
-2.04552588333739 0.20438058373477475
-2.0441296199357946 0.2064217791459555
-2.042733356534199 0.20857775994016947
-2.041337093132604 0.21080035549434228
-2.0399408297310084 0.2130873748471629
-2.038544566329413 0.21546768449479714
-2.0371483029278177 0.21791509141269216
-2.0357520395262223 0.2204257305139663
-2.034355776124627 0.22294147336512538
-2.0329595127230315 0.2255405813085929
-2.031563249321436 0.22820787095778883
-2.030166985919841 0.23091467149552614
-2.0287707225182454 0.23358744742546378
-2.02737445911665 0.23624642190765144
-2.0259781957150547 0.23895480327971086
-2.0245819323134593 0.241722253667092
-2.023185668911864 0.2445169402782028
-2.0217894055102685 0.24735380334362844
-2.020393142108673 0.2502111151914619
-2.018996878707078 0.25307699808044504
-2.0176006153054824 0.25598463019187534
-2.016204351903887 0.25892944755295844
-2.0148080885022916 0.26192615025919963
-2.0134118251006963 0.26491019481704825
-2.012015561699101 0.2679546410364253
-2.0106192982975055 0.27106237517611476
-2.00922303489591 0.2742147073867329
-2.0078267714943148 0.2773691416053623
-2.0064305080927194 0.280492686003214
-2.005034244691124 0.2836535589824791
-2.0036379812895286 0.28682469300821367
-2.0022417178879333 0.2900263042158713
-2.000845454486338 0.2932778144606232
-1.9994491910847425 0.2965353557915762
-1.9980529276831471 0.2998160920619739
-1.9966566642815518 0.30306601675377465
-1.9952604008799564 0.30628468263006425
-1.993864137478361 0.30950980496146485
-1.9924678740767656 0.3127723309346493
-1.9910716106751702 0.3160859675420511
-1.9896753472735749 0.3193705849743367
-1.9882790838719795 0.32266943172243145
-1.9868828204703841 0.3259665847738802
-1.9854865570687887 0.32926219612201635
-1.9840902936671934 0.33259422113022197
-1.982694030265598 0.3359459968923204
-1.9812977668640026 0.3393073890570406
-1.9799015034624072 0.34266293841980655
-1.9785052400608119 0.34599339115260364
-1.9771089766592165 0.3493031726562492
-1.975712713257621 0.3526044882920587
-1.9743164498560257 0.35587926367063005
-1.9729201864544303 0.3590908924348639
-1.971523923052835 0.3622568259056038
-1.9701276596512396 0.3653851822114689
-1.9687313962496442 0.3685076752550174
-1.9673351328480488 0.37161923582189615
-1.9659388694464535 0.37469458439218783
-1.964542606044858 0.3776462835749328
-1.9631463426432627 0.38055807073453707
-1.9617500792416673 0.38347141920493755
-1.960353815840072 0.38637542836323746
-1.9589575524384766 0.3892147353940345
-1.9575612890368812 0.3919979125695363
-1.9561650256352858 0.3947006443302996
-1.9547687622336904 0.39738113362386684
-1.953372498832095 0.4000616190040489
-1.9519762354304997 0.4027274991179013
-1.9505799720289043 0.40537087154604023
-1.949183708627309 0.40797985427704475
-1.9477874452257136 0.41054303658594904
-1.9463911818241182 0.41307153687185405
-1.9449949184225228 0.4155723809517724
-1.9435986550209274 0.4180023846926417
-1.942202391619332 0.42034750380926766
-1.9408061282177367 0.4226538192872056
-1.9394098648161413 0.4249434325154766
-1.938013601414546 0.4271569286852923
-1.9366173380129506 0.4292917308040387
-1.9352210746113552 0.4313627130947566
-1.9338248112097598 0.43335947995856827
-1.9324285478081644 0.4353354337759754
-1.931032284406569 0.437281304390865
-1.9296360210049737 0.4391538094483849
-1.9282397576033783 0.44100259866866054
-1.926843494201783 0.4427903761450125
-1.9254472308001875 0.4445110735901494
-1.9240509673985922 0.4461982719133175
-1.9226547039969968 0.447855323132643
-1.9212584405954014 0.4494649342767332
