0.0 17.750304720796606
0.012 16.055412105544946
0.024 20.231639505294666
0.036000000000000004 23.413047838746195
0.048 23.742703305868915
0.06 22.918490386966695
0.07200000000000001 22.280400863698162
0.084 21.72190883747298
0.096 20.913230256667063
0.108 19.99735675088108
0.12 19.206036169327803
0.132 18.507843224060466
0.14400000000000002 17.768610354802234
0.156 16.993666745599867
0.168 16.284183832274778
0.18 15.66792994934724
0.192 15.091922024292586
0.20400000000000001 14.522066776295944
0.216 13.949144247655482
0.228 13.343939888413502
0.24 12.680650257402363
0.252 11.963774952486986
0.264 11.201064752631723
0.276 10.396328538547564
0.28800000000000003 9.572205097573516
0.3 8.75580791694199
0.312 7.950869827181052
0.324 7.157443352790594
0.336 6.398542217717065
0.34800000000000003 5.695332530388413
0.36 5.041128407883846
0.372 4.426302898330405
0.384 3.8551774956406177
0.396 3.3258824957083846
0.40800000000000003 2.836998839851816
0.42 2.404862023996003
0.432 2.031327310832694
0.444 1.686279726234659
0.456 1.3505795769381166
0.468 1.0342247763614978
0.48 0.7479885914495696
0.492 0.49699994197140995
0.504 0.2903373444181341
0.516 0.13381682103326398
0.528 0.03232593778537307
0.54 0.0
0.552 0.04309948015159648
0.5640000000000001 0.14257372008125913
0.5760000000000001 0.27379419602911526
0.588 0.42735486630536457
0.6 0.5978499893871003
0.612 0.7715563461200077
0.624 0.9361649442795397
0.636 1.0911469673669103
0.648 1.2433857169925489
0.66 1.4006703059458516
0.672 1.5742389108659722
0.684 1.7822880474675458
0.6960000000000001 2.0420268726839765
0.708 2.357686774506192
0.72 2.726459574183991
0.732 3.153828269817211
0.744 3.6420838307403756
0.756 4.16546030113355
0.768 4.681021354670293
0.78 5.158543224885648
0.792 5.581451124858802
0.804 5.936921938343929
0.8160000000000001 6.223358727563067
0.8280000000000001 6.451053389947347
0.84 6.630310788887897
0.852 6.770384551279832
0.864 6.876225539722483
0.876 6.941065139129762
0.888 6.96975540240291
0.9 6.999922880982638
0.912 7.061600386011122
0.924 7.140531791836949
0.936 7.218958731474999
0.9480000000000001 7.311147820845704
0.96 7.430216121468746
0.972 7.568110954474676
0.984 7.719686961694563
0.996 7.888102937710968
1.008 8.074512121332504
1.02 8.282581012659463
1.032 8.51449521295163
1.044 8.761125003062915
1.056 9.018778734997639
1.068 9.304274717265898
1.08 9.62592672104617
1.092 9.955825661389383
1.104 10.263906741459905
1.116 10.562737990999949
1.1280000000000001 10.885071653670764
1.1400000000000001 11.235031625466362
1.1520000000000001 11.591783336018821
1.164 11.945944553403024
1.176 12.306894329802915
1.188 12.679779856014505
1.2 13.05316301897274
1.212 13.41305360382465
1.224 13.757276420183985
1.236 14.083846859929807
1.248 14.369625888523913
1.26 14.582285812649275
1.272 14.721978437837649
1.284 14.823126552547507
1.296 14.900619410879784
1.308 14.935633501644176
1.32 14.933257980427754
1.332 14.939578393813733
1.344 14.97774943486742
1.356 15.022457152429467
1.368 15.060203818050667
1.3800000000000001 15.122699091060909
1.3920000000000001 15.235978184377629
1.4040000000000001 15.379532058495187
1.416 15.522540867561375
1.428 15.663006570278597
1.44 15.803327519951281
1.452 15.928179096765021
1.464 16.039054930021635
1.476 16.173190033277407
1.488 16.357824709675356
1.5 16.57423715468782
1.512 16.789770571154648
1.524 17.00300740550348
1.536 17.23531116604252
1.548 17.490562724658872
1.56 17.749682444765057
1.572 18.00583699566394
1.584 18.27431143436752
1.596 18.558503107229484
1.608 18.843594231842644
1.62 19.134315995956214
1.6320000000000001 19.456618013119865
1.6440000000000001 19.81426828077531
1.6560000000000001 20.18332121664193
1.668 20.552343212076536
1.68 20.935816086361953
1.692 21.346403654835555
1.704 21.778913555506293
1.716 22.224769542724445
1.728 22.680834246850623
1.74 23.138236215694903
1.752 23.583642536616296
1.764 24.017104659979594
1.776 24.446561841569746
1.788 24.865353166533126
1.8 25.257847739654267
1.812 25.61530523123129
1.824 25.926250469719704
1.836 26.174676549333995
1.848 26.363911607683235
1.86 26.519158119608477
1.872 26.659731037676977
1.8840000000000001 26.787322366059882
1.8960000000000001 26.899214056971218
1.9080000000000001 26.995439360049133
1.92 27.078074918882166
1.932 27.155676714169104
1.944 27.23761411375142
1.956 27.32169670643816
1.968 27.402211110559193
1.98 27.476647342079445
1.992 27.53296108743615
2.004 27.560045056548333
2.016 27.572798929485955
2.028 27.59205630589186
2.04 27.611896231566007
2.052 27.61644104487131
2.064 27.60910023538743
2.076 27.6051980745558
2.088 27.608069221658184
2.1 27.603674795321353
2.112 27.58488460373505
2.124 27.573267447550435
2.136 27.592113325594994
2.148 27.62347202664975
2.16 27.623591987586593
2.172 27.579276961056394
2.184 27.521589501026668
2.196 27.481141749404372
2.208 27.455875157612383
2.22 27.43474024907637
2.232 27.42550683393104
2.244 27.439389662404707
2.2560000000000002 27.472369891182865
2.2680000000000002 27.51266677324415
2.2800000000000002 27.543394983100725
2.2920000000000003 27.547197217243877
2.3040000000000003 27.535378713032586
2.316 27.54659448816348
2.328 27.594030114454085
2.34 27.65322676167476
2.352 27.71079048430626
2.364 27.7734445196663
2.376 27.83131964713509
2.388 27.86360946052669
2.4 27.87140707069031
2.412 27.869544926777323
2.424 27.863085330811657
2.436 27.851468654412713
2.448 27.837657312094308
2.46 27.822297851133428
2.472 27.79683538416934
2.484 27.748878194672457
2.496 27.678790800173175
2.508 27.605583626766972
2.52 27.54955511062701
2.532 27.519658726064137
2.544 27.515908719196034
2.556 27.524151238216277
2.568 27.521274307128493
2.58 27.50678382827782
2.592 27.504794205013198
2.604 27.521702277468933
2.616 27.5371913416775
2.628 27.540621869295308
2.64 27.536499483987058
2.652 27.518484821043174
2.664 27.47616272006995
2.676 27.41927853120191
2.688 27.365424675421252
2.7 27.317719933011162
2.712 27.279149186964148
2.724 27.269495797087586
2.736 27.3023247707781
2.748 27.359139362356842
2.7600000000000002 27.40447249476985
2.7720000000000002 27.417512800355595
2.7840000000000003 27.401372287824557
2.7960000000000003 27.369171367759805
2.8080000000000003 27.324920526780915
2.82 27.260582848137233
2.832 27.180563432981657
2.844 27.117459397933203
2.856 27.093644797164515
2.868 27.078357682221423
2.88 27.030133085155285
2.892 26.972346741660544
2.904 26.96470293607223
2.916 27.006513028952412
2.928 27.038180300803447
2.94 27.031949572473835
2.952 27.01240459648389
2.964 26.996695247213424
2.976 26.974901449553457
2.988 26.942136625511992
3.0 26.909518160699278
3.012 26.888592603070137
3.024 26.882007884989804
3.036 26.882525498695202
3.048 26.87914108380717
3.06 26.87145045294784
3.072 26.87129130414408
3.084 26.88229065537182
3.096 26.890226336084993
3.108 26.88531316568711
3.12 26.880898911007918
3.132 26.897002743535694
3.144 26.93504331725532
3.156 26.977931231194304
3.168 27.008598990111082
3.18 27.02206552746277
3.192 27.021172288356354
3.204 27.00836896181707
3.216 26.98937521507787
3.228 26.977308832785894
3.24 26.97837996791462
3.2520000000000002 26.981297715717716
3.2640000000000002 26.97580107792328
3.2760000000000002 26.968843997015426
3.2880000000000003 26.969493723595377
3.3000000000000003 26.973955351840956
3.3120000000000003 26.97492238501016
3.3240000000000003 26.97138379423825
3.336 26.96259226206797
3.348 26.94155785558337
3.36 26.90338736936998
3.372 26.858434899063397
3.384 26.82407914681832
3.396 26.80010511116366
3.408 26.769303960440553
3.42 26.72581377076216
3.432 26.682395209450405
3.444 26.64901441251287
3.456 26.626962718290983
3.468 26.621968749400352
3.48 26.637808494748597
3.492 26.658868536890836
3.504 26.663940488982817
3.516 26.652997797703037
3.528 26.636705120236655
3.54 26.61185659700442
3.552 26.574628348054517
3.564 26.541894300006632
3.576 26.533118915101767
3.588 26.549402380031765
3.6 26.58623170836495
3.612 26.639405123215212
3.624 26.688753140754343
3.636 26.710357359445226
3.648 26.711809738144268
3.66 26.718808184850857
3.672 26.726187792814514
3.684 26.70734124021655
3.696 26.668787912853176
3.708 26.640336830838663
3.72 26.618057219890744
3.732 26.57862239470913
3.744 26.53992971673199
3.7560000000000002 26.54322569669472
3.7680000000000002 26.584373665878616
3.7800000000000002 26.622528191710032
3.7920000000000003 26.64337298455429
3.8040000000000003 26.654561345908164
3.8160000000000003 26.64063010063208
3.8280000000000003 26.58581511607828
3.84 26.516804985618847
3.852 26.471339865135207
3.864 26.45364888638403
3.876 26.45158783891928
3.888 26.467800834754783
3.9 26.515497073054377
3.912 26.594777027729634
3.924 26.678539680303828
3.936 26.728079308860927
3.948 26.726037316483826
3.96 26.685003016913257
3.972 26.62556358110392
3.984 26.558169360953286
3.996 26.484777644260348
4.008 26.409605185792444
4.0200000000000005 26.348073148346927
4.032 26.323486318342034
4.0440000000000005 26.34677127326384
4.056 26.40098180357724
4.0680000000000005 26.455077435991427
4.08 26.49044480487092
4.0920000000000005 26.507462303589847
4.104 26.512650386850893
4.116 26.508773845979633
4.128 26.496835547803045
4.14 26.48048241828957
4.152 26.465016438546016
4.164 26.454734512278662
4.176 26.44915691632079
4.188 26.440890977912574
4.2 26.425943749030637
4.212 26.41162850779081
4.224 26.402893559193416
4.236 26.39374012068943
4.248 26.379352952630512
4.26 26.361409288274032
4.272 26.348094111398908
4.284 26.360164917827106
4.296 26.412971186929184
4.308 26.485451383011622
4.32 26.536442749985
4.332 26.55041078807524
4.344 26.543107106845113
4.356 26.532664581082372
4.368 26.52227291552684
4.38 26.504860271922894
4.392 26.4806878270075
4.404 26.465152103686094
4.416 26.468393326331125
4.428 26.48080580863443
4.44 26.492415594525426
4.452 26.502768784582543
4.464 26.504666219676793
4.476 26.492174566272823
4.488 26.480596394418882
4.5 26.480457702467774
4.5120000000000005 26.470079009046614
4.524 26.42958476478387
4.5360000000000005 26.37324672331053
4.548 26.32322967495979
4.5600000000000005 26.285635729719687
4.572 26.263712291192007
4.5840000000000005 26.25994936141616
4.596 26.261745933695607
4.6080000000000005 26.252293356914493
4.62 26.236303872806346
4.632 26.236495932090676
4.644 26.258837036312585
4.656 26.275575635545692
4.668 26.26248936478855
4.68 26.23896489187196
4.692 26.241831034335803
4.704 26.278628648682997
4.716 26.329802523934305
4.728 26.3664290983361
4.74 26.35801561009329
4.752 26.30292653066367
4.764 26.244978657277883
4.776 26.221423726795052
4.788 26.21541947862987
4.8 26.194298953218976
4.812 26.163955820785276
4.824 26.15344905454691
4.836 26.174006604948005
4.848 26.215301591237562
4.86 26.25844312031394
4.872 26.280242945519177
4.884 26.265299318777892
4.896 26.223665146427976
4.908 26.180578375919666
4.92 26.144517492681985
4.932 26.10826265481886
4.944 26.08158978824379
4.956 26.08600907680976
4.968 26.112190773502732
4.98 26.120446348901496
4.992 26.09343221748931
5.0040000000000004 26.05930157299734
5.016 26.050097694632385
5.0280000000000005 26.06201110669292
5.04 26.07452535652385
5.0520000000000005 26.084036257978553
5.064 26.095715046020416
5.0760000000000005 26.103469780510153
5.088 26.09982972872875
5.1000000000000005 26.095677465540547
5.112 26.11480816034893
5.124 26.162630379679484
5.136 26.211179239067548
5.148 26.234259393464328
5.16 26.23960632413737
5.172 26.24171952354598
5.184 26.23532706719419
5.196 26.219583584759405
5.208 26.21051281599607
5.22 26.213837442828165
5.232 26.216642957160772
5.244 26.213397298331387
5.256 26.221514225924906
5.268 26.260625752158873
5.28 26.318867085340372
5.292 26.359135963409614
5.304 26.366430519137523
5.316 26.359590340390966
5.328 26.349416518053374
5.34 26.32544844446774
5.352 26.290860703624006
5.364 26.269267882126726
5.376 26.268034771109086
5.388 26.268068762768536
5.4 26.2603642576491
5.412 26.261578916455974
5.424 26.276254756716483
5.436 26.277532958583592
5.448 26.251931697858083
5.46 26.228539638883774
5.472 26.23145446539324
5.484 26.23646817510452
5.496 26.21199351014951
5.508 26.17701211438498
5.5200000000000005 26.176779621780284
5.532 26.212268082907116
5.5440000000000005 26.239913580431875
5.556 26.247144209577854
5.5680000000000005 26.270445168141976
5.58 26.312810731037942
5.5920000000000005 26.316006762713258
5.604 26.260032864347224
5.6160000000000005 26.209063024448554
5.628 26.2071036734054
5.64 26.215800534878312
5.652 26.202264569725088
5.664 26.19386576047272
5.676 26.206933443460855
5.688 26.21163379755086
5.7 26.19267530399972
5.712 26.172370422732328
5.724 26.166699314009477
5.736 26.16380183984508
5.748 26.140803833927052
5.76 26.088982800963265
5.772 26.032340954995774
5.784 26.00617467086238
5.796 26.007667500550383
5.808 26.004409996734395
5.82 25.996927087419607
5.832 26.014392066269238
5.844 26.041497709017662
5.856 26.021178907298093
5.868 25.952483371520273
5.88 25.92526812555235
5.892 25.99963785881411
5.904 26.061038924758833
5.916 25.92982513098805
5.928 25.742407659279706
5.94 25.936071554375502
5.952 26.33364527093741
5.964 25.66178585963766
5.976 23.464672316323004
5.988 22.870462069880602
